SrcSvcName,SrcSvcVerb,DestSvcName,DestSvcVerb,GameId,ReqTime
GameEngine,/gameEngine/GameSession,music,PlayMusic,4e562369-bce0-4b49-9260-f34357336404,124902141
GameEngine,/gameEngine/GameSession,music,PlayMusic,4e562369-bce0-4b49-9260-f34357336404,34713436
GameEngine,/gameEngine/GameSession,score,UpdateScore,4e562369-bce0-4b49-9260-f34357336404,655579625
GameEngine,/gameEngine/GameSession,music,PlayMusic,37414086-1556-4726-ae64-f95cc932015a,30494536
GameEngine,/gameEngine/GameSession,music,PlayMusic,37414086-1556-4726-ae64-f95cc932015a,34853976
GameEngine,/gameEngine/GameSession,score,UpdateScore,37414086-1556-4726-ae64-f95cc932015a,165035490
GameEngine,/gameEngine/GameSession,music,PlayMusic,09116da7-e477-4479-b946-0d7d5f29fe23,30361128
GameEngine,/gameEngine/GameSession,music,PlayMusic,09116da7-e477-4479-b946-0d7d5f29fe23,34405827
GameEngine,/gameEngine/GameSession,score,UpdateScore,09116da7-e477-4479-b946-0d7d5f29fe23,166463885
GameEngine,/gameEngine/GameSession,music,PlayMusic,1c4eed03-88c1-4fed-9c17-9e8bb50c5a4f,30359113
GameEngine,/gameEngine/GameSession,music,PlayMusic,1c4eed03-88c1-4fed-9c17-9e8bb50c5a4f,34442711
GameEngine,/gameEngine/GameSession,score,UpdateScore,1c4eed03-88c1-4fed-9c17-9e8bb50c5a4f,163498766
GameEngine,/gameEngine/GameSession,music,PlayMusic,9f715751-74a3-4cc3-9752-1ff9d64f23d0,30633104
GameEngine,/gameEngine/GameSession,music,PlayMusic,9f715751-74a3-4cc3-9752-1ff9d64f23d0,34531796
GameEngine,/gameEngine/GameSession,score,UpdateScore,9f715751-74a3-4cc3-9752-1ff9d64f23d0,163387983
GameEngine,/gameEngine/GameSession,music,PlayMusic,a0179679-4281-4523-b076-3946c7ab99d7,30924339
GameEngine,/gameEngine/GameSession,music,PlayMusic,a0179679-4281-4523-b076-3946c7ab99d7,34797147
GameEngine,/gameEngine/GameSession,score,UpdateScore,a0179679-4281-4523-b076-3946c7ab99d7,165271290
GameEngine,/gameEngine/GameSession,music,PlayMusic,68ac3067-745e-4531-995b-fc7d9a94a6a7,31676400
GameEngine,/gameEngine/GameSession,music,PlayMusic,68ac3067-745e-4531-995b-fc7d9a94a6a7,34510598
GameEngine,/gameEngine/GameSession,score,UpdateScore,68ac3067-745e-4531-995b-fc7d9a94a6a7,165572531
GameEngine,/gameEngine/GameSession,music,PlayMusic,9d9aae48-4526-411b-8f0e-6258b51c86bc,30318462
GameEngine,/gameEngine/GameSession,music,PlayMusic,9d9aae48-4526-411b-8f0e-6258b51c86bc,37803898
GameEngine,/gameEngine/GameSession,score,UpdateScore,9d9aae48-4526-411b-8f0e-6258b51c86bc,164022276
GameEngine,/gameEngine/GameSession,music,PlayMusic,9d6f646f-8df8-437e-bb6d-4803e1757de3,30716950
GameEngine,/gameEngine/GameSession,music,PlayMusic,9d6f646f-8df8-437e-bb6d-4803e1757de3,38342425
GameEngine,/gameEngine/GameSession,score,UpdateScore,9d6f646f-8df8-437e-bb6d-4803e1757de3,165113166
GameEngine,/gameEngine/GameSession,music,PlayMusic,f12591dc-ec52-47e9-839b-90682cf3ee1a,30662145
GameEngine,/gameEngine/GameSession,music,PlayMusic,f12591dc-ec52-47e9-839b-90682cf3ee1a,34843833
GameEngine,/gameEngine/GameSession,score,UpdateScore,f12591dc-ec52-47e9-839b-90682cf3ee1a,163408210
GameEngine,/gameEngine/GameSession,music,PlayMusic,70660fc0-bc4b-4241-bf8e-b30c30602297,30692992
GameEngine,/gameEngine/GameSession,music,PlayMusic,70660fc0-bc4b-4241-bf8e-b30c30602297,31191859
GameEngine,/gameEngine/GameSession,music,PlayMusic,70660fc0-bc4b-4241-bf8e-b30c30602297,30781821
GameEngine,/gameEngine/GameSession,music,PlayMusic,70660fc0-bc4b-4241-bf8e-b30c30602297,31587977
GameEngine,/gameEngine/GameSession,music,PlayMusic,70660fc0-bc4b-4241-bf8e-b30c30602297,30721152
GameEngine,/gameEngine/GameSession,music,PlayMusic,70660fc0-bc4b-4241-bf8e-b30c30602297,34266382
GameEngine,/gameEngine/GameSession,score,UpdateScore,70660fc0-bc4b-4241-bf8e-b30c30602297,164490759
GameEngine,/gameEngine/GameSession,music,PlayMusic,485d279a-ddbf-4102-9809-e2e30fcafcf1,30331195
GameEngine,/gameEngine/GameSession,music,PlayMusic,485d279a-ddbf-4102-9809-e2e30fcafcf1,34631041
GameEngine,/gameEngine/GameSession,score,UpdateScore,485d279a-ddbf-4102-9809-e2e30fcafcf1,163744286
GameEngine,/gameEngine/GameSession,music,PlayMusic,cfe71b6f-520e-476f-9bcb-cbe44a798ba7,30791012
GameEngine,/gameEngine/GameSession,music,PlayMusic,cfe71b6f-520e-476f-9bcb-cbe44a798ba7,35561992
GameEngine,/gameEngine/GameSession,score,UpdateScore,cfe71b6f-520e-476f-9bcb-cbe44a798ba7,164011784
GameEngine,/gameEngine/GameSession,music,PlayMusic,668355be-69f6-4863-8a65-aeef26584951,30535534
GameEngine,/gameEngine/GameSession,music,PlayMusic,668355be-69f6-4863-8a65-aeef26584951,35071059
GameEngine,/gameEngine/GameSession,score,UpdateScore,668355be-69f6-4863-8a65-aeef26584951,162770209
GameEngine,/gameEngine/GameSession,music,PlayMusic,2be5320e-b609-4492-9fba-52abc8ef4725,30606911
GameEngine,/gameEngine/GameSession,music,PlayMusic,2be5320e-b609-4492-9fba-52abc8ef4725,34970976
GameEngine,/gameEngine/GameSession,score,UpdateScore,2be5320e-b609-4492-9fba-52abc8ef4725,166569127
GameEngine,/gameEngine/GameSession,music,PlayMusic,4f9076b8-def4-4437-b21a-e6ca3ef22d11,31003357
GameEngine,/gameEngine/GameSession,music,PlayMusic,4f9076b8-def4-4437-b21a-e6ca3ef22d11,31041632
GameEngine,/gameEngine/GameSession,music,PlayMusic,4f9076b8-def4-4437-b21a-e6ca3ef22d11,31038018
GameEngine,/gameEngine/GameSession,music,PlayMusic,4f9076b8-def4-4437-b21a-e6ca3ef22d11,30413524
GameEngine,/gameEngine/GameSession,music,PlayMusic,4f9076b8-def4-4437-b21a-e6ca3ef22d11,31135479
GameEngine,/gameEngine/GameSession,music,PlayMusic,4f9076b8-def4-4437-b21a-e6ca3ef22d11,30927056
GameEngine,/gameEngine/GameSession,music,PlayMusic,4f9076b8-def4-4437-b21a-e6ca3ef22d11,30868994
GameEngine,/gameEngine/GameSession,music,PlayMusic,4f9076b8-def4-4437-b21a-e6ca3ef22d11,31143158
GameEngine,/gameEngine/GameSession,music,PlayMusic,4f9076b8-def4-4437-b21a-e6ca3ef22d11,30498864
GameEngine,/gameEngine/GameSession,music,PlayMusic,4f9076b8-def4-4437-b21a-e6ca3ef22d11,31412711
GameEngine,/gameEngine/GameSession,music,PlayMusic,4f9076b8-def4-4437-b21a-e6ca3ef22d11,30920968
GameEngine,/gameEngine/GameSession,music,PlayMusic,4f9076b8-def4-4437-b21a-e6ca3ef22d11,30505498
GameEngine,/gameEngine/GameSession,music,PlayMusic,4f9076b8-def4-4437-b21a-e6ca3ef22d11,30620040
GameEngine,/gameEngine/GameSession,music,PlayMusic,4f9076b8-def4-4437-b21a-e6ca3ef22d11,30259005
GameEngine,/gameEngine/GameSession,music,PlayMusic,4f9076b8-def4-4437-b21a-e6ca3ef22d11,30272757
GameEngine,/gameEngine/GameSession,music,PlayMusic,4f9076b8-def4-4437-b21a-e6ca3ef22d11,31137523
GameEngine,/gameEngine/GameSession,music,PlayMusic,4f9076b8-def4-4437-b21a-e6ca3ef22d11,30513135
GameEngine,/gameEngine/GameSession,music,PlayMusic,4f9076b8-def4-4437-b21a-e6ca3ef22d11,30937106
GameEngine,/gameEngine/GameSession,music,PlayMusic,4f9076b8-def4-4437-b21a-e6ca3ef22d11,30905677
GameEngine,/gameEngine/GameSession,music,PlayMusic,4f9076b8-def4-4437-b21a-e6ca3ef22d11,30795831
GameEngine,/gameEngine/GameSession,music,PlayMusic,4f9076b8-def4-4437-b21a-e6ca3ef22d11,30693786
GameEngine,/gameEngine/GameSession,music,PlayMusic,4f9076b8-def4-4437-b21a-e6ca3ef22d11,31142390
GameEngine,/gameEngine/GameSession,music,PlayMusic,4f9076b8-def4-4437-b21a-e6ca3ef22d11,30456148
GameEngine,/gameEngine/GameSession,music,PlayMusic,4f9076b8-def4-4437-b21a-e6ca3ef22d11,31070265
GameEngine,/gameEngine/GameSession,music,PlayMusic,4f9076b8-def4-4437-b21a-e6ca3ef22d11,30749542
GameEngine,/gameEngine/GameSession,music,PlayMusic,4f9076b8-def4-4437-b21a-e6ca3ef22d11,31442344
GameEngine,/gameEngine/GameSession,music,PlayMusic,4f9076b8-def4-4437-b21a-e6ca3ef22d11,31149970
GameEngine,/gameEngine/GameSession,music,PlayMusic,4f9076b8-def4-4437-b21a-e6ca3ef22d11,30277290
GameEngine,/gameEngine/GameSession,music,PlayMusic,4f9076b8-def4-4437-b21a-e6ca3ef22d11,30796741
GameEngine,/gameEngine/GameSession,music,PlayMusic,4f9076b8-def4-4437-b21a-e6ca3ef22d11,30982669
GameEngine,/gameEngine/GameSession,music,PlayMusic,4f9076b8-def4-4437-b21a-e6ca3ef22d11,30814489
GameEngine,/gameEngine/GameSession,music,PlayMusic,4f9076b8-def4-4437-b21a-e6ca3ef22d11,30760289
GameEngine,/gameEngine/GameSession,music,PlayMusic,4f9076b8-def4-4437-b21a-e6ca3ef22d11,30801500
GameEngine,/gameEngine/GameSession,music,PlayMusic,4f9076b8-def4-4437-b21a-e6ca3ef22d11,30644602
GameEngine,/gameEngine/GameSession,music,PlayMusic,4f9076b8-def4-4437-b21a-e6ca3ef22d11,30320159
GameEngine,/gameEngine/GameSession,music,PlayMusic,4f9076b8-def4-4437-b21a-e6ca3ef22d11,30767974
GameEngine,/gameEngine/GameSession,music,PlayMusic,4f9076b8-def4-4437-b21a-e6ca3ef22d11,30703426
GameEngine,/gameEngine/GameSession,music,PlayMusic,4f9076b8-def4-4437-b21a-e6ca3ef22d11,31164590
GameEngine,/gameEngine/GameSession,music,PlayMusic,4f9076b8-def4-4437-b21a-e6ca3ef22d11,30528548
GameEngine,/gameEngine/GameSession,music,PlayMusic,4f9076b8-def4-4437-b21a-e6ca3ef22d11,31663845
GameEngine,/gameEngine/GameSession,music,PlayMusic,4f9076b8-def4-4437-b21a-e6ca3ef22d11,31051145
GameEngine,/gameEngine/GameSession,music,PlayMusic,4f9076b8-def4-4437-b21a-e6ca3ef22d11,30934202
GameEngine,/gameEngine/GameSession,music,PlayMusic,4f9076b8-def4-4437-b21a-e6ca3ef22d11,30827636
GameEngine,/gameEngine/GameSession,music,PlayMusic,4f9076b8-def4-4437-b21a-e6ca3ef22d11,30988433
GameEngine,/gameEngine/GameSession,music,PlayMusic,4f9076b8-def4-4437-b21a-e6ca3ef22d11,30882719
GameEngine,/gameEngine/GameSession,music,PlayMusic,4f9076b8-def4-4437-b21a-e6ca3ef22d11,30634332
GameEngine,/gameEngine/GameSession,music,PlayMusic,4f9076b8-def4-4437-b21a-e6ca3ef22d11,30682186
GameEngine,/gameEngine/GameSession,music,PlayMusic,4f9076b8-def4-4437-b21a-e6ca3ef22d11,30803275
GameEngine,/gameEngine/GameSession,music,PlayMusic,4f9076b8-def4-4437-b21a-e6ca3ef22d11,30803076
GameEngine,/gameEngine/GameSession,music,PlayMusic,4f9076b8-def4-4437-b21a-e6ca3ef22d11,30529901
GameEngine,/gameEngine/GameSession,music,PlayMusic,4f9076b8-def4-4437-b21a-e6ca3ef22d11,31039285
GameEngine,/gameEngine/GameSession,music,PlayMusic,4f9076b8-def4-4437-b21a-e6ca3ef22d11,30735096
GameEngine,/gameEngine/GameSession,music,PlayMusic,4f9076b8-def4-4437-b21a-e6ca3ef22d11,30338206
GameEngine,/gameEngine/GameSession,music,PlayMusic,4f9076b8-def4-4437-b21a-e6ca3ef22d11,30918948
GameEngine,/gameEngine/GameSession,music,PlayMusic,4f9076b8-def4-4437-b21a-e6ca3ef22d11,30518808
GameEngine,/gameEngine/GameSession,music,PlayMusic,4f9076b8-def4-4437-b21a-e6ca3ef22d11,30670370
GameEngine,/gameEngine/GameSession,music,PlayMusic,4f9076b8-def4-4437-b21a-e6ca3ef22d11,30667608
GameEngine,/gameEngine/GameSession,music,PlayMusic,4f9076b8-def4-4437-b21a-e6ca3ef22d11,30300983
GameEngine,/gameEngine/GameSession,music,PlayMusic,4f9076b8-def4-4437-b21a-e6ca3ef22d11,30726287
GameEngine,/gameEngine/GameSession,music,PlayMusic,4f9076b8-def4-4437-b21a-e6ca3ef22d11,30988903
GameEngine,/gameEngine/GameSession,music,PlayMusic,4f9076b8-def4-4437-b21a-e6ca3ef22d11,30722033
GameEngine,/gameEngine/GameSession,music,PlayMusic,4f9076b8-def4-4437-b21a-e6ca3ef22d11,30851913
GameEngine,/gameEngine/GameSession,music,PlayMusic,4f9076b8-def4-4437-b21a-e6ca3ef22d11,31338579
GameEngine,/gameEngine/GameSession,music,PlayMusic,4f9076b8-def4-4437-b21a-e6ca3ef22d11,30579234
GameEngine,/gameEngine/GameSession,music,PlayMusic,4f9076b8-def4-4437-b21a-e6ca3ef22d11,30663920
GameEngine,/gameEngine/GameSession,music,PlayMusic,4f9076b8-def4-4437-b21a-e6ca3ef22d11,31324323
GameEngine,/gameEngine/GameSession,music,PlayMusic,4f9076b8-def4-4437-b21a-e6ca3ef22d11,31064783
GameEngine,/gameEngine/GameSession,music,PlayMusic,4f9076b8-def4-4437-b21a-e6ca3ef22d11,31174718
GameEngine,/gameEngine/GameSession,music,PlayMusic,4f9076b8-def4-4437-b21a-e6ca3ef22d11,30812193
GameEngine,/gameEngine/GameSession,music,PlayMusic,4f9076b8-def4-4437-b21a-e6ca3ef22d11,30445799
GameEngine,/gameEngine/GameSession,music,PlayMusic,4f9076b8-def4-4437-b21a-e6ca3ef22d11,30336928
GameEngine,/gameEngine/GameSession,music,PlayMusic,4f9076b8-def4-4437-b21a-e6ca3ef22d11,30508608
GameEngine,/gameEngine/GameSession,music,PlayMusic,4f9076b8-def4-4437-b21a-e6ca3ef22d11,30576903
GameEngine,/gameEngine/GameSession,music,PlayMusic,4f9076b8-def4-4437-b21a-e6ca3ef22d11,30830475
GameEngine,/gameEngine/GameSession,music,PlayMusic,713b10c8-b367-4f5a-ba63-3f14beced7c9,30310841
GameEngine,/gameEngine/GameSession,music,PlayMusic,4f9076b8-def4-4437-b21a-e6ca3ef22d11,31464629
GameEngine,/gameEngine/GameSession,music,PlayMusic,713b10c8-b367-4f5a-ba63-3f14beced7c9,38756018
GameEngine,/gameEngine/GameSession,score,UpdateScore,713b10c8-b367-4f5a-ba63-3f14beced7c9,162853027
GameEngine,/gameEngine/GameSession,music,PlayMusic,4f9076b8-def4-4437-b21a-e6ca3ef22d11,30300037
GameEngine,/gameEngine/GameSession,music,PlayMusic,4f9076b8-def4-4437-b21a-e6ca3ef22d11,30449100
GameEngine,/gameEngine/GameSession,music,PlayMusic,4f9076b8-def4-4437-b21a-e6ca3ef22d11,31327038
GameEngine,/gameEngine/GameSession,music,PlayMusic,4f9076b8-def4-4437-b21a-e6ca3ef22d11,31005442
GameEngine,/gameEngine/GameSession,music,PlayMusic,4f9076b8-def4-4437-b21a-e6ca3ef22d11,30461909
GameEngine,/gameEngine/GameSession,music,PlayMusic,4f9076b8-def4-4437-b21a-e6ca3ef22d11,30358260
GameEngine,/gameEngine/GameSession,music,PlayMusic,4f9076b8-def4-4437-b21a-e6ca3ef22d11,30199028
GameEngine,/gameEngine/GameSession,music,PlayMusic,4f9076b8-def4-4437-b21a-e6ca3ef22d11,30719221
GameEngine,/gameEngine/GameSession,music,PlayMusic,4f9076b8-def4-4437-b21a-e6ca3ef22d11,30807446
GameEngine,/gameEngine/GameSession,music,PlayMusic,4f9076b8-def4-4437-b21a-e6ca3ef22d11,30963782
GameEngine,/gameEngine/GameSession,music,PlayMusic,4f9076b8-def4-4437-b21a-e6ca3ef22d11,31115867
GameEngine,/gameEngine/GameSession,music,PlayMusic,4f9076b8-def4-4437-b21a-e6ca3ef22d11,30975517
GameEngine,/gameEngine/GameSession,music,PlayMusic,4f9076b8-def4-4437-b21a-e6ca3ef22d11,30613916
GameEngine,/gameEngine/GameSession,music,PlayMusic,4f9076b8-def4-4437-b21a-e6ca3ef22d11,31060231
GameEngine,/gameEngine/GameSession,music,PlayMusic,4f9076b8-def4-4437-b21a-e6ca3ef22d11,30517789
GameEngine,/gameEngine/GameSession,music,PlayMusic,4f9076b8-def4-4437-b21a-e6ca3ef22d11,30483222
GameEngine,/gameEngine/GameSession,music,PlayMusic,4f9076b8-def4-4437-b21a-e6ca3ef22d11,31574409
GameEngine,/gameEngine/GameSession,music,PlayMusic,4f9076b8-def4-4437-b21a-e6ca3ef22d11,30713520
GameEngine,/gameEngine/GameSession,music,PlayMusic,4f9076b8-def4-4437-b21a-e6ca3ef22d11,31058994
GameEngine,/gameEngine/GameSession,music,PlayMusic,4f9076b8-def4-4437-b21a-e6ca3ef22d11,31080038
GameEngine,/gameEngine/GameSession,music,PlayMusic,4f9076b8-def4-4437-b21a-e6ca3ef22d11,30456876
GameEngine,/gameEngine/GameSession,music,PlayMusic,4f9076b8-def4-4437-b21a-e6ca3ef22d11,31011092
GameEngine,/gameEngine/GameSession,music,PlayMusic,4f9076b8-def4-4437-b21a-e6ca3ef22d11,30269509
GameEngine,/gameEngine/GameSession,music,PlayMusic,4f9076b8-def4-4437-b21a-e6ca3ef22d11,30868823
GameEngine,/gameEngine/GameSession,music,PlayMusic,4f9076b8-def4-4437-b21a-e6ca3ef22d11,30610836
GameEngine,/gameEngine/GameSession,music,PlayMusic,4f9076b8-def4-4437-b21a-e6ca3ef22d11,30772089
GameEngine,/gameEngine/GameSession,music,PlayMusic,4f9076b8-def4-4437-b21a-e6ca3ef22d11,31034751
GameEngine,/gameEngine/GameSession,music,PlayMusic,4f9076b8-def4-4437-b21a-e6ca3ef22d11,30177738
GameEngine,/gameEngine/GameSession,music,PlayMusic,4f9076b8-def4-4437-b21a-e6ca3ef22d11,31028376
GameEngine,/gameEngine/GameSession,music,PlayMusic,4f9076b8-def4-4437-b21a-e6ca3ef22d11,31571567
GameEngine,/gameEngine/GameSession,music,PlayMusic,4f9076b8-def4-4437-b21a-e6ca3ef22d11,30678430
GameEngine,/gameEngine/GameSession,music,PlayMusic,4f9076b8-def4-4437-b21a-e6ca3ef22d11,30883399
GameEngine,/gameEngine/GameSession,music,PlayMusic,4f9076b8-def4-4437-b21a-e6ca3ef22d11,31374286
GameEngine,/gameEngine/GameSession,music,PlayMusic,4f9076b8-def4-4437-b21a-e6ca3ef22d11,31547604
GameEngine,/gameEngine/GameSession,music,PlayMusic,4f9076b8-def4-4437-b21a-e6ca3ef22d11,33256434
GameEngine,/gameEngine/GameSession,score,UpdateScore,4f9076b8-def4-4437-b21a-e6ca3ef22d11,164448830
GameEngine,/gameEngine/GameSession,music,PlayMusic,be457788-6a9c-48f2-9060-e213fcb7ca00,30438556
GameEngine,/gameEngine/GameSession,music,PlayMusic,be457788-6a9c-48f2-9060-e213fcb7ca00,35952131
GameEngine,/gameEngine/GameSession,score,UpdateScore,be457788-6a9c-48f2-9060-e213fcb7ca00,164230602
GameEngine,/gameEngine/GameSession,music,PlayMusic,e6fbb1dc-3147-4871-9fe5-5cb4b104af02,30592642
GameEngine,/gameEngine/GameSession,music,PlayMusic,e6fbb1dc-3147-4871-9fe5-5cb4b104af02,30783079
GameEngine,/gameEngine/GameSession,music,PlayMusic,e6fbb1dc-3147-4871-9fe5-5cb4b104af02,30978205
GameEngine,/gameEngine/GameSession,music,PlayMusic,e6fbb1dc-3147-4871-9fe5-5cb4b104af02,30522163
GameEngine,/gameEngine/GameSession,music,PlayMusic,e6fbb1dc-3147-4871-9fe5-5cb4b104af02,30987906
GameEngine,/gameEngine/GameSession,music,PlayMusic,e6fbb1dc-3147-4871-9fe5-5cb4b104af02,31206575
GameEngine,/gameEngine/GameSession,music,PlayMusic,e6fbb1dc-3147-4871-9fe5-5cb4b104af02,30936915
GameEngine,/gameEngine/GameSession,music,PlayMusic,e6fbb1dc-3147-4871-9fe5-5cb4b104af02,30888879
GameEngine,/gameEngine/GameSession,music,PlayMusic,e6fbb1dc-3147-4871-9fe5-5cb4b104af02,30294356
GameEngine,/gameEngine/GameSession,music,PlayMusic,e6fbb1dc-3147-4871-9fe5-5cb4b104af02,31125262
GameEngine,/gameEngine/GameSession,music,PlayMusic,e6fbb1dc-3147-4871-9fe5-5cb4b104af02,30499626
GameEngine,/gameEngine/GameSession,music,PlayMusic,e6fbb1dc-3147-4871-9fe5-5cb4b104af02,30690001
GameEngine,/gameEngine/GameSession,music,PlayMusic,e6fbb1dc-3147-4871-9fe5-5cb4b104af02,30535440
GameEngine,/gameEngine/GameSession,music,PlayMusic,e6fbb1dc-3147-4871-9fe5-5cb4b104af02,30297896
GameEngine,/gameEngine/GameSession,music,PlayMusic,e6fbb1dc-3147-4871-9fe5-5cb4b104af02,30453026
GameEngine,/gameEngine/GameSession,music,PlayMusic,e6fbb1dc-3147-4871-9fe5-5cb4b104af02,30797427
GameEngine,/gameEngine/GameSession,music,PlayMusic,e6fbb1dc-3147-4871-9fe5-5cb4b104af02,30534591
GameEngine,/gameEngine/GameSession,music,PlayMusic,e6fbb1dc-3147-4871-9fe5-5cb4b104af02,30752684
GameEngine,/gameEngine/GameSession,music,PlayMusic,e6fbb1dc-3147-4871-9fe5-5cb4b104af02,31170803
GameEngine,/gameEngine/GameSession,music,PlayMusic,e6fbb1dc-3147-4871-9fe5-5cb4b104af02,30860795
GameEngine,/gameEngine/GameSession,music,PlayMusic,e6fbb1dc-3147-4871-9fe5-5cb4b104af02,30853150
GameEngine,/gameEngine/GameSession,music,PlayMusic,e6fbb1dc-3147-4871-9fe5-5cb4b104af02,31088275
GameEngine,/gameEngine/GameSession,music,PlayMusic,e6fbb1dc-3147-4871-9fe5-5cb4b104af02,31043100
GameEngine,/gameEngine/GameSession,music,PlayMusic,e6fbb1dc-3147-4871-9fe5-5cb4b104af02,31076438
GameEngine,/gameEngine/GameSession,music,PlayMusic,e6fbb1dc-3147-4871-9fe5-5cb4b104af02,31404196
GameEngine,/gameEngine/GameSession,music,PlayMusic,e6fbb1dc-3147-4871-9fe5-5cb4b104af02,31705086
GameEngine,/gameEngine/GameSession,music,PlayMusic,e6fbb1dc-3147-4871-9fe5-5cb4b104af02,30927365
GameEngine,/gameEngine/GameSession,music,PlayMusic,e6fbb1dc-3147-4871-9fe5-5cb4b104af02,30468874
GameEngine,/gameEngine/GameSession,music,PlayMusic,e6fbb1dc-3147-4871-9fe5-5cb4b104af02,30497588
GameEngine,/gameEngine/GameSession,music,PlayMusic,e6fbb1dc-3147-4871-9fe5-5cb4b104af02,30924497
GameEngine,/gameEngine/GameSession,music,PlayMusic,e6fbb1dc-3147-4871-9fe5-5cb4b104af02,30981630
GameEngine,/gameEngine/GameSession,music,PlayMusic,e6fbb1dc-3147-4871-9fe5-5cb4b104af02,31571112
GameEngine,/gameEngine/GameSession,music,PlayMusic,e6fbb1dc-3147-4871-9fe5-5cb4b104af02,31327845
GameEngine,/gameEngine/GameSession,music,PlayMusic,e6fbb1dc-3147-4871-9fe5-5cb4b104af02,30564969
GameEngine,/gameEngine/GameSession,music,PlayMusic,e6fbb1dc-3147-4871-9fe5-5cb4b104af02,30820442
GameEngine,/gameEngine/GameSession,music,PlayMusic,e6fbb1dc-3147-4871-9fe5-5cb4b104af02,31105652
GameEngine,/gameEngine/GameSession,music,PlayMusic,e6fbb1dc-3147-4871-9fe5-5cb4b104af02,31514271
GameEngine,/gameEngine/GameSession,music,PlayMusic,e6fbb1dc-3147-4871-9fe5-5cb4b104af02,30966126
GameEngine,/gameEngine/GameSession,music,PlayMusic,e6fbb1dc-3147-4871-9fe5-5cb4b104af02,30404010
GameEngine,/gameEngine/GameSession,music,PlayMusic,e6fbb1dc-3147-4871-9fe5-5cb4b104af02,31209892
GameEngine,/gameEngine/GameSession,music,PlayMusic,e6fbb1dc-3147-4871-9fe5-5cb4b104af02,31256694
GameEngine,/gameEngine/GameSession,music,PlayMusic,e6fbb1dc-3147-4871-9fe5-5cb4b104af02,30694891
GameEngine,/gameEngine/GameSession,music,PlayMusic,e6fbb1dc-3147-4871-9fe5-5cb4b104af02,30423263
GameEngine,/gameEngine/GameSession,music,PlayMusic,e6fbb1dc-3147-4871-9fe5-5cb4b104af02,30935571
GameEngine,/gameEngine/GameSession,music,PlayMusic,e6fbb1dc-3147-4871-9fe5-5cb4b104af02,30759550
GameEngine,/gameEngine/GameSession,music,PlayMusic,e6fbb1dc-3147-4871-9fe5-5cb4b104af02,30649002
GameEngine,/gameEngine/GameSession,music,PlayMusic,e6fbb1dc-3147-4871-9fe5-5cb4b104af02,31340648
GameEngine,/gameEngine/GameSession,music,PlayMusic,e6fbb1dc-3147-4871-9fe5-5cb4b104af02,30338811
GameEngine,/gameEngine/GameSession,music,PlayMusic,e6fbb1dc-3147-4871-9fe5-5cb4b104af02,30387500
GameEngine,/gameEngine/GameSession,music,PlayMusic,e6fbb1dc-3147-4871-9fe5-5cb4b104af02,30287883
GameEngine,/gameEngine/GameSession,music,PlayMusic,e6fbb1dc-3147-4871-9fe5-5cb4b104af02,30501046
GameEngine,/gameEngine/GameSession,music,PlayMusic,e6fbb1dc-3147-4871-9fe5-5cb4b104af02,30395038
GameEngine,/gameEngine/GameSession,music,PlayMusic,e6fbb1dc-3147-4871-9fe5-5cb4b104af02,30206967
GameEngine,/gameEngine/GameSession,music,PlayMusic,e6fbb1dc-3147-4871-9fe5-5cb4b104af02,30285039
GameEngine,/gameEngine/GameSession,music,PlayMusic,e6fbb1dc-3147-4871-9fe5-5cb4b104af02,30520843
GameEngine,/gameEngine/GameSession,music,PlayMusic,e6fbb1dc-3147-4871-9fe5-5cb4b104af02,30737371
GameEngine,/gameEngine/GameSession,music,PlayMusic,e6fbb1dc-3147-4871-9fe5-5cb4b104af02,30153099
GameEngine,/gameEngine/GameSession,music,PlayMusic,e6fbb1dc-3147-4871-9fe5-5cb4b104af02,30287644
GameEngine,/gameEngine/GameSession,music,PlayMusic,e6fbb1dc-3147-4871-9fe5-5cb4b104af02,30646022
GameEngine,/gameEngine/GameSession,music,PlayMusic,e6fbb1dc-3147-4871-9fe5-5cb4b104af02,31327961
GameEngine,/gameEngine/GameSession,music,PlayMusic,e6fbb1dc-3147-4871-9fe5-5cb4b104af02,30923596
GameEngine,/gameEngine/GameSession,music,PlayMusic,e6fbb1dc-3147-4871-9fe5-5cb4b104af02,30712848
GameEngine,/gameEngine/GameSession,music,PlayMusic,e6fbb1dc-3147-4871-9fe5-5cb4b104af02,31416834
GameEngine,/gameEngine/GameSession,music,PlayMusic,e6fbb1dc-3147-4871-9fe5-5cb4b104af02,30624075
GameEngine,/gameEngine/GameSession,music,PlayMusic,e6fbb1dc-3147-4871-9fe5-5cb4b104af02,30646204
GameEngine,/gameEngine/GameSession,music,PlayMusic,e6fbb1dc-3147-4871-9fe5-5cb4b104af02,31334289
GameEngine,/gameEngine/GameSession,music,PlayMusic,e6fbb1dc-3147-4871-9fe5-5cb4b104af02,30376890
GameEngine,/gameEngine/GameSession,music,PlayMusic,e6fbb1dc-3147-4871-9fe5-5cb4b104af02,31285680
GameEngine,/gameEngine/GameSession,music,PlayMusic,e6fbb1dc-3147-4871-9fe5-5cb4b104af02,30488328
GameEngine,/gameEngine/GameSession,music,PlayMusic,e6fbb1dc-3147-4871-9fe5-5cb4b104af02,31085560
GameEngine,/gameEngine/GameSession,music,PlayMusic,e6fbb1dc-3147-4871-9fe5-5cb4b104af02,30912025
GameEngine,/gameEngine/GameSession,music,PlayMusic,e6fbb1dc-3147-4871-9fe5-5cb4b104af02,30207954
GameEngine,/gameEngine/GameSession,music,PlayMusic,e6fbb1dc-3147-4871-9fe5-5cb4b104af02,30615385
GameEngine,/gameEngine/GameSession,music,PlayMusic,e6fbb1dc-3147-4871-9fe5-5cb4b104af02,30441803
GameEngine,/gameEngine/GameSession,music,PlayMusic,e6fbb1dc-3147-4871-9fe5-5cb4b104af02,31237083
GameEngine,/gameEngine/GameSession,music,PlayMusic,e6fbb1dc-3147-4871-9fe5-5cb4b104af02,30783810
GameEngine,/gameEngine/GameSession,music,PlayMusic,e6fbb1dc-3147-4871-9fe5-5cb4b104af02,31192448
GameEngine,/gameEngine/GameSession,music,PlayMusic,e6fbb1dc-3147-4871-9fe5-5cb4b104af02,30423159
GameEngine,/gameEngine/GameSession,music,PlayMusic,e6fbb1dc-3147-4871-9fe5-5cb4b104af02,30716861
GameEngine,/gameEngine/GameSession,music,PlayMusic,e6fbb1dc-3147-4871-9fe5-5cb4b104af02,30142009
GameEngine,/gameEngine/GameSession,music,PlayMusic,e6fbb1dc-3147-4871-9fe5-5cb4b104af02,30834904
GameEngine,/gameEngine/GameSession,music,PlayMusic,e6fbb1dc-3147-4871-9fe5-5cb4b104af02,31065531
GameEngine,/gameEngine/GameSession,music,PlayMusic,e6fbb1dc-3147-4871-9fe5-5cb4b104af02,30665902
GameEngine,/gameEngine/GameSession,music,PlayMusic,e6fbb1dc-3147-4871-9fe5-5cb4b104af02,31496547
GameEngine,/gameEngine/GameSession,music,PlayMusic,e6fbb1dc-3147-4871-9fe5-5cb4b104af02,30544242
GameEngine,/gameEngine/GameSession,music,PlayMusic,e6fbb1dc-3147-4871-9fe5-5cb4b104af02,31297246
GameEngine,/gameEngine/GameSession,music,PlayMusic,e6fbb1dc-3147-4871-9fe5-5cb4b104af02,30931735
GameEngine,/gameEngine/GameSession,music,PlayMusic,e6fbb1dc-3147-4871-9fe5-5cb4b104af02,30821577
GameEngine,/gameEngine/GameSession,music,PlayMusic,e6fbb1dc-3147-4871-9fe5-5cb4b104af02,31198950
GameEngine,/gameEngine/GameSession,music,PlayMusic,e6fbb1dc-3147-4871-9fe5-5cb4b104af02,30758268
GameEngine,/gameEngine/GameSession,music,PlayMusic,e6fbb1dc-3147-4871-9fe5-5cb4b104af02,30568093
GameEngine,/gameEngine/GameSession,music,PlayMusic,e6fbb1dc-3147-4871-9fe5-5cb4b104af02,31049996
GameEngine,/gameEngine/GameSession,music,PlayMusic,e6fbb1dc-3147-4871-9fe5-5cb4b104af02,31506616
GameEngine,/gameEngine/GameSession,music,PlayMusic,e6fbb1dc-3147-4871-9fe5-5cb4b104af02,30901164
GameEngine,/gameEngine/GameSession,music,PlayMusic,e6fbb1dc-3147-4871-9fe5-5cb4b104af02,30762260
GameEngine,/gameEngine/GameSession,music,PlayMusic,e6fbb1dc-3147-4871-9fe5-5cb4b104af02,31025909
GameEngine,/gameEngine/GameSession,music,PlayMusic,e6fbb1dc-3147-4871-9fe5-5cb4b104af02,30807223
GameEngine,/gameEngine/GameSession,music,PlayMusic,e6fbb1dc-3147-4871-9fe5-5cb4b104af02,30156557
GameEngine,/gameEngine/GameSession,music,PlayMusic,e6fbb1dc-3147-4871-9fe5-5cb4b104af02,31250616
GameEngine,/gameEngine/GameSession,music,PlayMusic,e6fbb1dc-3147-4871-9fe5-5cb4b104af02,30829298
GameEngine,/gameEngine/GameSession,music,PlayMusic,e6fbb1dc-3147-4871-9fe5-5cb4b104af02,31190285
GameEngine,/gameEngine/GameSession,music,PlayMusic,e6fbb1dc-3147-4871-9fe5-5cb4b104af02,30829601
GameEngine,/gameEngine/GameSession,music,PlayMusic,e6fbb1dc-3147-4871-9fe5-5cb4b104af02,30395420
GameEngine,/gameEngine/GameSession,music,PlayMusic,e6fbb1dc-3147-4871-9fe5-5cb4b104af02,30947389
GameEngine,/gameEngine/GameSession,music,PlayMusic,e6fbb1dc-3147-4871-9fe5-5cb4b104af02,31433686
GameEngine,/gameEngine/GameSession,music,PlayMusic,e6fbb1dc-3147-4871-9fe5-5cb4b104af02,30952471
GameEngine,/gameEngine/GameSession,music,PlayMusic,e6fbb1dc-3147-4871-9fe5-5cb4b104af02,30969499
GameEngine,/gameEngine/GameSession,music,PlayMusic,e6fbb1dc-3147-4871-9fe5-5cb4b104af02,30105317
GameEngine,/gameEngine/GameSession,music,PlayMusic,e6fbb1dc-3147-4871-9fe5-5cb4b104af02,31469239
GameEngine,/gameEngine/GameSession,music,PlayMusic,e6fbb1dc-3147-4871-9fe5-5cb4b104af02,33285822
GameEngine,/gameEngine/GameSession,score,UpdateScore,e6fbb1dc-3147-4871-9fe5-5cb4b104af02,163373551
GameEngine,/gameEngine/GameSession,music,PlayMusic,235743d7-312d-4e90-bc25-e99223a5babb,30344790
GameEngine,/gameEngine/GameSession,music,PlayMusic,235743d7-312d-4e90-bc25-e99223a5babb,31275308
GameEngine,/gameEngine/GameSession,music,PlayMusic,235743d7-312d-4e90-bc25-e99223a5babb,31011118
GameEngine,/gameEngine/GameSession,music,PlayMusic,235743d7-312d-4e90-bc25-e99223a5babb,31782263
GameEngine,/gameEngine/GameSession,music,PlayMusic,235743d7-312d-4e90-bc25-e99223a5babb,31440069
GameEngine,/gameEngine/GameSession,music,PlayMusic,235743d7-312d-4e90-bc25-e99223a5babb,31206989
GameEngine,/gameEngine/GameSession,music,PlayMusic,235743d7-312d-4e90-bc25-e99223a5babb,31209158
GameEngine,/gameEngine/GameSession,music,PlayMusic,235743d7-312d-4e90-bc25-e99223a5babb,30767720
GameEngine,/gameEngine/GameSession,music,PlayMusic,235743d7-312d-4e90-bc25-e99223a5babb,31169088
GameEngine,/gameEngine/GameSession,music,PlayMusic,235743d7-312d-4e90-bc25-e99223a5babb,31140625
GameEngine,/gameEngine/GameSession,music,PlayMusic,235743d7-312d-4e90-bc25-e99223a5babb,30533294
GameEngine,/gameEngine/GameSession,music,PlayMusic,235743d7-312d-4e90-bc25-e99223a5babb,30493602
GameEngine,/gameEngine/GameSession,music,PlayMusic,235743d7-312d-4e90-bc25-e99223a5babb,30588230
GameEngine,/gameEngine/GameSession,music,PlayMusic,235743d7-312d-4e90-bc25-e99223a5babb,30940047
GameEngine,/gameEngine/GameSession,music,PlayMusic,235743d7-312d-4e90-bc25-e99223a5babb,31017748
GameEngine,/gameEngine/GameSession,music,PlayMusic,235743d7-312d-4e90-bc25-e99223a5babb,31045080
GameEngine,/gameEngine/GameSession,music,PlayMusic,235743d7-312d-4e90-bc25-e99223a5babb,31122946
GameEngine,/gameEngine/GameSession,music,PlayMusic,235743d7-312d-4e90-bc25-e99223a5babb,31224283
GameEngine,/gameEngine/GameSession,music,PlayMusic,235743d7-312d-4e90-bc25-e99223a5babb,30792510
GameEngine,/gameEngine/GameSession,music,PlayMusic,235743d7-312d-4e90-bc25-e99223a5babb,31520831
GameEngine,/gameEngine/GameSession,music,PlayMusic,235743d7-312d-4e90-bc25-e99223a5babb,30724203
GameEngine,/gameEngine/GameSession,music,PlayMusic,235743d7-312d-4e90-bc25-e99223a5babb,31076605
GameEngine,/gameEngine/GameSession,music,PlayMusic,235743d7-312d-4e90-bc25-e99223a5babb,30516155
GameEngine,/gameEngine/GameSession,music,PlayMusic,235743d7-312d-4e90-bc25-e99223a5babb,31293432
GameEngine,/gameEngine/GameSession,music,PlayMusic,235743d7-312d-4e90-bc25-e99223a5babb,30619860
GameEngine,/gameEngine/GameSession,music,PlayMusic,235743d7-312d-4e90-bc25-e99223a5babb,30865953
GameEngine,/gameEngine/GameSession,music,PlayMusic,235743d7-312d-4e90-bc25-e99223a5babb,30810005
GameEngine,/gameEngine/GameSession,music,PlayMusic,235743d7-312d-4e90-bc25-e99223a5babb,30625153
GameEngine,/gameEngine/GameSession,music,PlayMusic,235743d7-312d-4e90-bc25-e99223a5babb,30336284
GameEngine,/gameEngine/GameSession,music,PlayMusic,235743d7-312d-4e90-bc25-e99223a5babb,31152002
GameEngine,/gameEngine/GameSession,music,PlayMusic,235743d7-312d-4e90-bc25-e99223a5babb,30854437
GameEngine,/gameEngine/GameSession,music,PlayMusic,235743d7-312d-4e90-bc25-e99223a5babb,30716464
GameEngine,/gameEngine/GameSession,music,PlayMusic,235743d7-312d-4e90-bc25-e99223a5babb,30921001
GameEngine,/gameEngine/GameSession,music,PlayMusic,235743d7-312d-4e90-bc25-e99223a5babb,31024125
GameEngine,/gameEngine/GameSession,music,PlayMusic,235743d7-312d-4e90-bc25-e99223a5babb,30370972
GameEngine,/gameEngine/GameSession,music,PlayMusic,235743d7-312d-4e90-bc25-e99223a5babb,31108085
GameEngine,/gameEngine/GameSession,music,PlayMusic,235743d7-312d-4e90-bc25-e99223a5babb,31586817
GameEngine,/gameEngine/GameSession,music,PlayMusic,235743d7-312d-4e90-bc25-e99223a5babb,30401668
GameEngine,/gameEngine/GameSession,music,PlayMusic,235743d7-312d-4e90-bc25-e99223a5babb,30433942
GameEngine,/gameEngine/GameSession,music,PlayMusic,235743d7-312d-4e90-bc25-e99223a5babb,30905293
GameEngine,/gameEngine/GameSession,music,PlayMusic,235743d7-312d-4e90-bc25-e99223a5babb,30966579
GameEngine,/gameEngine/GameSession,music,PlayMusic,235743d7-312d-4e90-bc25-e99223a5babb,30653166
GameEngine,/gameEngine/GameSession,music,PlayMusic,235743d7-312d-4e90-bc25-e99223a5babb,30868926
GameEngine,/gameEngine/GameSession,music,PlayMusic,235743d7-312d-4e90-bc25-e99223a5babb,30743550
GameEngine,/gameEngine/GameSession,music,PlayMusic,235743d7-312d-4e90-bc25-e99223a5babb,30505574
GameEngine,/gameEngine/GameSession,music,PlayMusic,235743d7-312d-4e90-bc25-e99223a5babb,30488062
GameEngine,/gameEngine/GameSession,music,PlayMusic,235743d7-312d-4e90-bc25-e99223a5babb,31034123
GameEngine,/gameEngine/GameSession,music,PlayMusic,235743d7-312d-4e90-bc25-e99223a5babb,30964713
GameEngine,/gameEngine/GameSession,music,PlayMusic,235743d7-312d-4e90-bc25-e99223a5babb,30713292
GameEngine,/gameEngine/GameSession,music,PlayMusic,235743d7-312d-4e90-bc25-e99223a5babb,30457626
GameEngine,/gameEngine/GameSession,music,PlayMusic,235743d7-312d-4e90-bc25-e99223a5babb,31058183
GameEngine,/gameEngine/GameSession,music,PlayMusic,235743d7-312d-4e90-bc25-e99223a5babb,30490128
GameEngine,/gameEngine/GameSession,music,PlayMusic,235743d7-312d-4e90-bc25-e99223a5babb,30378059
GameEngine,/gameEngine/GameSession,music,PlayMusic,235743d7-312d-4e90-bc25-e99223a5babb,30215324
GameEngine,/gameEngine/GameSession,music,PlayMusic,235743d7-312d-4e90-bc25-e99223a5babb,30250189
GameEngine,/gameEngine/GameSession,music,PlayMusic,235743d7-312d-4e90-bc25-e99223a5babb,29974720
GameEngine,/gameEngine/GameSession,music,PlayMusic,235743d7-312d-4e90-bc25-e99223a5babb,30327608
GameEngine,/gameEngine/GameSession,music,PlayMusic,235743d7-312d-4e90-bc25-e99223a5babb,30198666
GameEngine,/gameEngine/GameSession,music,PlayMusic,235743d7-312d-4e90-bc25-e99223a5babb,30541291
GameEngine,/gameEngine/GameSession,music,PlayMusic,235743d7-312d-4e90-bc25-e99223a5babb,32052380
GameEngine,/gameEngine/GameSession,music,PlayMusic,235743d7-312d-4e90-bc25-e99223a5babb,30630019
GameEngine,/gameEngine/GameSession,music,PlayMusic,235743d7-312d-4e90-bc25-e99223a5babb,31073265
GameEngine,/gameEngine/GameSession,music,PlayMusic,235743d7-312d-4e90-bc25-e99223a5babb,31025017
GameEngine,/gameEngine/GameSession,music,PlayMusic,235743d7-312d-4e90-bc25-e99223a5babb,30599282
GameEngine,/gameEngine/GameSession,music,PlayMusic,235743d7-312d-4e90-bc25-e99223a5babb,30855828
GameEngine,/gameEngine/GameSession,music,PlayMusic,235743d7-312d-4e90-bc25-e99223a5babb,31076676
GameEngine,/gameEngine/GameSession,music,PlayMusic,235743d7-312d-4e90-bc25-e99223a5babb,30702351
GameEngine,/gameEngine/GameSession,music,PlayMusic,235743d7-312d-4e90-bc25-e99223a5babb,30977800
GameEngine,/gameEngine/GameSession,music,PlayMusic,235743d7-312d-4e90-bc25-e99223a5babb,30439935
GameEngine,/gameEngine/GameSession,music,PlayMusic,235743d7-312d-4e90-bc25-e99223a5babb,31016794
GameEngine,/gameEngine/GameSession,music,PlayMusic,235743d7-312d-4e90-bc25-e99223a5babb,30349417
GameEngine,/gameEngine/GameSession,music,PlayMusic,235743d7-312d-4e90-bc25-e99223a5babb,30615823
GameEngine,/gameEngine/GameSession,music,PlayMusic,235743d7-312d-4e90-bc25-e99223a5babb,30160833
GameEngine,/gameEngine/GameSession,music,PlayMusic,235743d7-312d-4e90-bc25-e99223a5babb,31095112
GameEngine,/gameEngine/GameSession,music,PlayMusic,235743d7-312d-4e90-bc25-e99223a5babb,31234521
GameEngine,/gameEngine/GameSession,music,PlayMusic,235743d7-312d-4e90-bc25-e99223a5babb,30688310
GameEngine,/gameEngine/GameSession,music,PlayMusic,235743d7-312d-4e90-bc25-e99223a5babb,31109811
GameEngine,/gameEngine/GameSession,music,PlayMusic,235743d7-312d-4e90-bc25-e99223a5babb,30387354
GameEngine,/gameEngine/GameSession,music,PlayMusic,235743d7-312d-4e90-bc25-e99223a5babb,30270176
GameEngine,/gameEngine/GameSession,music,PlayMusic,235743d7-312d-4e90-bc25-e99223a5babb,30361784
GameEngine,/gameEngine/GameSession,music,PlayMusic,235743d7-312d-4e90-bc25-e99223a5babb,31287186
GameEngine,/gameEngine/GameSession,music,PlayMusic,235743d7-312d-4e90-bc25-e99223a5babb,30814881
GameEngine,/gameEngine/GameSession,music,PlayMusic,235743d7-312d-4e90-bc25-e99223a5babb,30185961
GameEngine,/gameEngine/GameSession,music,PlayMusic,235743d7-312d-4e90-bc25-e99223a5babb,33210900
GameEngine,/gameEngine/GameSession,music,PlayMusic,235743d7-312d-4e90-bc25-e99223a5babb,30543027
GameEngine,/gameEngine/GameSession,score,UpdateScore,235743d7-312d-4e90-bc25-e99223a5babb,163314291
GameEngine,/gameEngine/GameSession,music,PlayMusic,f32041fb-fc3d-457c-9451-86e8919d53c1,30924411
GameEngine,/gameEngine/GameSession,music,PlayMusic,f32041fb-fc3d-457c-9451-86e8919d53c1,35092016
GameEngine,/gameEngine/GameSession,score,UpdateScore,f32041fb-fc3d-457c-9451-86e8919d53c1,164637734
GameEngine,/gameEngine/GameSession,music,PlayMusic,4728572d-96f3-43e4-8b19-31fce12d0567,30360163
GameEngine,/gameEngine/GameSession,music,PlayMusic,4728572d-96f3-43e4-8b19-31fce12d0567,35417385
GameEngine,/gameEngine/GameSession,score,UpdateScore,4728572d-96f3-43e4-8b19-31fce12d0567,164362413
GameEngine,/gameEngine/GameSession,music,PlayMusic,c1bd56e2-a78f-4193-a49a-2601804bce61,30462107
GameEngine,/gameEngine/GameSession,music,PlayMusic,c1bd56e2-a78f-4193-a49a-2601804bce61,34473106
GameEngine,/gameEngine/GameSession,score,UpdateScore,c1bd56e2-a78f-4193-a49a-2601804bce61,164628400
GameEngine,/gameEngine/GameSession,music,PlayMusic,00bc3f00-d01a-4b0c-8172-65411820558c,30752013
GameEngine,/gameEngine/GameSession,music,PlayMusic,00bc3f00-d01a-4b0c-8172-65411820558c,34592406
GameEngine,/gameEngine/GameSession,score,UpdateScore,00bc3f00-d01a-4b0c-8172-65411820558c,162921318
GameEngine,/gameEngine/GameSession,music,PlayMusic,edf205fb-b2f2-432a-be8f-1482667f4fef,30298369
GameEngine,/gameEngine/GameSession,music,PlayMusic,edf205fb-b2f2-432a-be8f-1482667f4fef,30941463
GameEngine,/gameEngine/GameSession,music,PlayMusic,edf205fb-b2f2-432a-be8f-1482667f4fef,30798666
GameEngine,/gameEngine/GameSession,music,PlayMusic,edf205fb-b2f2-432a-be8f-1482667f4fef,31137127
GameEngine,/gameEngine/GameSession,music,PlayMusic,edf205fb-b2f2-432a-be8f-1482667f4fef,31095141
GameEngine,/gameEngine/GameSession,music,PlayMusic,edf205fb-b2f2-432a-be8f-1482667f4fef,31084795
GameEngine,/gameEngine/GameSession,music,PlayMusic,edf205fb-b2f2-432a-be8f-1482667f4fef,31379455
GameEngine,/gameEngine/GameSession,music,PlayMusic,edf205fb-b2f2-432a-be8f-1482667f4fef,30853653
GameEngine,/gameEngine/GameSession,music,PlayMusic,edf205fb-b2f2-432a-be8f-1482667f4fef,30469726
GameEngine,/gameEngine/GameSession,music,PlayMusic,edf205fb-b2f2-432a-be8f-1482667f4fef,31068997
GameEngine,/gameEngine/GameSession,music,PlayMusic,edf205fb-b2f2-432a-be8f-1482667f4fef,30576152
GameEngine,/gameEngine/GameSession,music,PlayMusic,edf205fb-b2f2-432a-be8f-1482667f4fef,30215197
GameEngine,/gameEngine/GameSession,music,PlayMusic,edf205fb-b2f2-432a-be8f-1482667f4fef,30705603
GameEngine,/gameEngine/GameSession,music,PlayMusic,edf205fb-b2f2-432a-be8f-1482667f4fef,30320548
GameEngine,/gameEngine/GameSession,music,PlayMusic,edf205fb-b2f2-432a-be8f-1482667f4fef,30909901
GameEngine,/gameEngine/GameSession,music,PlayMusic,edf205fb-b2f2-432a-be8f-1482667f4fef,31371988
GameEngine,/gameEngine/GameSession,music,PlayMusic,edf205fb-b2f2-432a-be8f-1482667f4fef,30620597
GameEngine,/gameEngine/GameSession,music,PlayMusic,edf205fb-b2f2-432a-be8f-1482667f4fef,30940589
GameEngine,/gameEngine/GameSession,music,PlayMusic,edf205fb-b2f2-432a-be8f-1482667f4fef,30960407
GameEngine,/gameEngine/GameSession,music,PlayMusic,edf205fb-b2f2-432a-be8f-1482667f4fef,30961014
GameEngine,/gameEngine/GameSession,music,PlayMusic,edf205fb-b2f2-432a-be8f-1482667f4fef,31012635
GameEngine,/gameEngine/GameSession,music,PlayMusic,edf205fb-b2f2-432a-be8f-1482667f4fef,30956888
GameEngine,/gameEngine/GameSession,music,PlayMusic,edf205fb-b2f2-432a-be8f-1482667f4fef,31045499
GameEngine,/gameEngine/GameSession,music,PlayMusic,edf205fb-b2f2-432a-be8f-1482667f4fef,31024211
GameEngine,/gameEngine/GameSession,music,PlayMusic,edf205fb-b2f2-432a-be8f-1482667f4fef,31336684
GameEngine,/gameEngine/GameSession,music,PlayMusic,edf205fb-b2f2-432a-be8f-1482667f4fef,30830017
GameEngine,/gameEngine/GameSession,music,PlayMusic,edf205fb-b2f2-432a-be8f-1482667f4fef,30968135
GameEngine,/gameEngine/GameSession,music,PlayMusic,edf205fb-b2f2-432a-be8f-1482667f4fef,30441585
GameEngine,/gameEngine/GameSession,music,PlayMusic,edf205fb-b2f2-432a-be8f-1482667f4fef,31181356
GameEngine,/gameEngine/GameSession,music,PlayMusic,edf205fb-b2f2-432a-be8f-1482667f4fef,30821110
GameEngine,/gameEngine/GameSession,music,PlayMusic,edf205fb-b2f2-432a-be8f-1482667f4fef,31034731
GameEngine,/gameEngine/GameSession,music,PlayMusic,edf205fb-b2f2-432a-be8f-1482667f4fef,31575870
GameEngine,/gameEngine/GameSession,music,PlayMusic,edf205fb-b2f2-432a-be8f-1482667f4fef,31065099
GameEngine,/gameEngine/GameSession,music,PlayMusic,edf205fb-b2f2-432a-be8f-1482667f4fef,30841109
GameEngine,/gameEngine/GameSession,music,PlayMusic,edf205fb-b2f2-432a-be8f-1482667f4fef,31056089
GameEngine,/gameEngine/GameSession,music,PlayMusic,edf205fb-b2f2-432a-be8f-1482667f4fef,31009265
GameEngine,/gameEngine/GameSession,music,PlayMusic,edf205fb-b2f2-432a-be8f-1482667f4fef,31009881
GameEngine,/gameEngine/GameSession,music,PlayMusic,edf205fb-b2f2-432a-be8f-1482667f4fef,30841345
GameEngine,/gameEngine/GameSession,music,PlayMusic,edf205fb-b2f2-432a-be8f-1482667f4fef,31145809
GameEngine,/gameEngine/GameSession,music,PlayMusic,edf205fb-b2f2-432a-be8f-1482667f4fef,31647062
GameEngine,/gameEngine/GameSession,music,PlayMusic,edf205fb-b2f2-432a-be8f-1482667f4fef,31391755
GameEngine,/gameEngine/GameSession,music,PlayMusic,edf205fb-b2f2-432a-be8f-1482667f4fef,30657167
GameEngine,/gameEngine/GameSession,music,PlayMusic,edf205fb-b2f2-432a-be8f-1482667f4fef,31074834
GameEngine,/gameEngine/GameSession,music,PlayMusic,edf205fb-b2f2-432a-be8f-1482667f4fef,31314843
GameEngine,/gameEngine/GameSession,music,PlayMusic,edf205fb-b2f2-432a-be8f-1482667f4fef,31805645
GameEngine,/gameEngine/GameSession,music,PlayMusic,edf205fb-b2f2-432a-be8f-1482667f4fef,30225289
GameEngine,/gameEngine/GameSession,music,PlayMusic,edf205fb-b2f2-432a-be8f-1482667f4fef,31220925
GameEngine,/gameEngine/GameSession,music,PlayMusic,edf205fb-b2f2-432a-be8f-1482667f4fef,30669559
GameEngine,/gameEngine/GameSession,music,PlayMusic,edf205fb-b2f2-432a-be8f-1482667f4fef,30577040
GameEngine,/gameEngine/GameSession,music,PlayMusic,edf205fb-b2f2-432a-be8f-1482667f4fef,30782118
GameEngine,/gameEngine/GameSession,music,PlayMusic,edf205fb-b2f2-432a-be8f-1482667f4fef,31227274
GameEngine,/gameEngine/GameSession,music,PlayMusic,edf205fb-b2f2-432a-be8f-1482667f4fef,30783839
GameEngine,/gameEngine/GameSession,music,PlayMusic,edf205fb-b2f2-432a-be8f-1482667f4fef,31201672
GameEngine,/gameEngine/GameSession,music,PlayMusic,edf205fb-b2f2-432a-be8f-1482667f4fef,31481149
GameEngine,/gameEngine/GameSession,music,PlayMusic,edf205fb-b2f2-432a-be8f-1482667f4fef,31157824
GameEngine,/gameEngine/GameSession,music,PlayMusic,edf205fb-b2f2-432a-be8f-1482667f4fef,30324458
GameEngine,/gameEngine/GameSession,music,PlayMusic,edf205fb-b2f2-432a-be8f-1482667f4fef,30502061
GameEngine,/gameEngine/GameSession,music,PlayMusic,edf205fb-b2f2-432a-be8f-1482667f4fef,30392220
GameEngine,/gameEngine/GameSession,music,PlayMusic,edf205fb-b2f2-432a-be8f-1482667f4fef,31999295
GameEngine,/gameEngine/GameSession,music,PlayMusic,edf205fb-b2f2-432a-be8f-1482667f4fef,31422690
GameEngine,/gameEngine/GameSession,music,PlayMusic,edf205fb-b2f2-432a-be8f-1482667f4fef,30725348
GameEngine,/gameEngine/GameSession,music,PlayMusic,edf205fb-b2f2-432a-be8f-1482667f4fef,30938261
GameEngine,/gameEngine/GameSession,music,PlayMusic,edf205fb-b2f2-432a-be8f-1482667f4fef,31352039
GameEngine,/gameEngine/GameSession,music,PlayMusic,edf205fb-b2f2-432a-be8f-1482667f4fef,30526714
GameEngine,/gameEngine/GameSession,music,PlayMusic,edf205fb-b2f2-432a-be8f-1482667f4fef,31001626
GameEngine,/gameEngine/GameSession,music,PlayMusic,edf205fb-b2f2-432a-be8f-1482667f4fef,31080392
GameEngine,/gameEngine/GameSession,music,PlayMusic,edf205fb-b2f2-432a-be8f-1482667f4fef,30889665
GameEngine,/gameEngine/GameSession,music,PlayMusic,edf205fb-b2f2-432a-be8f-1482667f4fef,31058492
GameEngine,/gameEngine/GameSession,music,PlayMusic,edf205fb-b2f2-432a-be8f-1482667f4fef,30238841
GameEngine,/gameEngine/GameSession,music,PlayMusic,edf205fb-b2f2-432a-be8f-1482667f4fef,31068725
GameEngine,/gameEngine/GameSession,music,PlayMusic,edf205fb-b2f2-432a-be8f-1482667f4fef,30344660
GameEngine,/gameEngine/GameSession,music,PlayMusic,edf205fb-b2f2-432a-be8f-1482667f4fef,30323537
GameEngine,/gameEngine/GameSession,music,PlayMusic,edf205fb-b2f2-432a-be8f-1482667f4fef,30445807
GameEngine,/gameEngine/GameSession,music,PlayMusic,edf205fb-b2f2-432a-be8f-1482667f4fef,30940848
GameEngine,/gameEngine/GameSession,music,PlayMusic,edf205fb-b2f2-432a-be8f-1482667f4fef,31504347
GameEngine,/gameEngine/GameSession,music,PlayMusic,edf205fb-b2f2-432a-be8f-1482667f4fef,30494668
GameEngine,/gameEngine/GameSession,music,PlayMusic,edf205fb-b2f2-432a-be8f-1482667f4fef,30895313
GameEngine,/gameEngine/GameSession,music,PlayMusic,edf205fb-b2f2-432a-be8f-1482667f4fef,30575311
GameEngine,/gameEngine/GameSession,music,PlayMusic,edf205fb-b2f2-432a-be8f-1482667f4fef,31138069
GameEngine,/gameEngine/GameSession,music,PlayMusic,edf205fb-b2f2-432a-be8f-1482667f4fef,30443181
GameEngine,/gameEngine/GameSession,music,PlayMusic,edf205fb-b2f2-432a-be8f-1482667f4fef,30298588
GameEngine,/gameEngine/GameSession,music,PlayMusic,edf205fb-b2f2-432a-be8f-1482667f4fef,30673971
GameEngine,/gameEngine/GameSession,music,PlayMusic,edf205fb-b2f2-432a-be8f-1482667f4fef,30083630
GameEngine,/gameEngine/GameSession,music,PlayMusic,edf205fb-b2f2-432a-be8f-1482667f4fef,33566048
GameEngine,/gameEngine/GameSession,music,PlayMusic,edf205fb-b2f2-432a-be8f-1482667f4fef,30018095
GameEngine,/gameEngine/GameSession,score,UpdateScore,edf205fb-b2f2-432a-be8f-1482667f4fef,162700489
GameEngine,/gameEngine/GameSession,music,PlayMusic,441070e6-4a35-4488-a036-b152fed02c54,30561530
GameEngine,/gameEngine/GameSession,music,PlayMusic,441070e6-4a35-4488-a036-b152fed02c54,35709740
GameEngine,/gameEngine/GameSession,score,UpdateScore,441070e6-4a35-4488-a036-b152fed02c54,165313967
GameEngine,/gameEngine/GameSession,music,PlayMusic,e807a3cb-a0d4-4432-9720-8499285fc71e,31088750
GameEngine,/gameEngine/GameSession,music,PlayMusic,e807a3cb-a0d4-4432-9720-8499285fc71e,34707107
GameEngine,/gameEngine/GameSession,score,UpdateScore,e807a3cb-a0d4-4432-9720-8499285fc71e,164415983
GameEngine,/gameEngine/GameSession,music,PlayMusic,d8467bfb-c7ed-4bf4-8535-03f5dc03248b,30835404
GameEngine,/gameEngine/GameSession,music,PlayMusic,d8467bfb-c7ed-4bf4-8535-03f5dc03248b,31328588
GameEngine,/gameEngine/GameSession,music,PlayMusic,d8467bfb-c7ed-4bf4-8535-03f5dc03248b,30828145
GameEngine,/gameEngine/GameSession,music,PlayMusic,d8467bfb-c7ed-4bf4-8535-03f5dc03248b,30957740
GameEngine,/gameEngine/GameSession,music,PlayMusic,d8467bfb-c7ed-4bf4-8535-03f5dc03248b,30988388
GameEngine,/gameEngine/GameSession,music,PlayMusic,d8467bfb-c7ed-4bf4-8535-03f5dc03248b,30690678
GameEngine,/gameEngine/GameSession,music,PlayMusic,d8467bfb-c7ed-4bf4-8535-03f5dc03248b,30873270
GameEngine,/gameEngine/GameSession,music,PlayMusic,d8467bfb-c7ed-4bf4-8535-03f5dc03248b,31227321
GameEngine,/gameEngine/GameSession,music,PlayMusic,d8467bfb-c7ed-4bf4-8535-03f5dc03248b,30538077
GameEngine,/gameEngine/GameSession,music,PlayMusic,d8467bfb-c7ed-4bf4-8535-03f5dc03248b,30849665
GameEngine,/gameEngine/GameSession,music,PlayMusic,d8467bfb-c7ed-4bf4-8535-03f5dc03248b,30736794
GameEngine,/gameEngine/GameSession,music,PlayMusic,d8467bfb-c7ed-4bf4-8535-03f5dc03248b,30561363
GameEngine,/gameEngine/GameSession,music,PlayMusic,d8467bfb-c7ed-4bf4-8535-03f5dc03248b,30542500
GameEngine,/gameEngine/GameSession,music,PlayMusic,d8467bfb-c7ed-4bf4-8535-03f5dc03248b,30634052
GameEngine,/gameEngine/GameSession,music,PlayMusic,d8467bfb-c7ed-4bf4-8535-03f5dc03248b,30542459
GameEngine,/gameEngine/GameSession,music,PlayMusic,d8467bfb-c7ed-4bf4-8535-03f5dc03248b,31428139
GameEngine,/gameEngine/GameSession,music,PlayMusic,d8467bfb-c7ed-4bf4-8535-03f5dc03248b,30595508
GameEngine,/gameEngine/GameSession,music,PlayMusic,d8467bfb-c7ed-4bf4-8535-03f5dc03248b,31099816
GameEngine,/gameEngine/GameSession,music,PlayMusic,d8467bfb-c7ed-4bf4-8535-03f5dc03248b,30916786
GameEngine,/gameEngine/GameSession,music,PlayMusic,d8467bfb-c7ed-4bf4-8535-03f5dc03248b,30873667
GameEngine,/gameEngine/GameSession,music,PlayMusic,d8467bfb-c7ed-4bf4-8535-03f5dc03248b,31149751
GameEngine,/gameEngine/GameSession,music,PlayMusic,d8467bfb-c7ed-4bf4-8535-03f5dc03248b,30745366
GameEngine,/gameEngine/GameSession,music,PlayMusic,d8467bfb-c7ed-4bf4-8535-03f5dc03248b,30876746
GameEngine,/gameEngine/GameSession,music,PlayMusic,d8467bfb-c7ed-4bf4-8535-03f5dc03248b,30920570
GameEngine,/gameEngine/GameSession,music,PlayMusic,d8467bfb-c7ed-4bf4-8535-03f5dc03248b,30654883
GameEngine,/gameEngine/GameSession,music,PlayMusic,d8467bfb-c7ed-4bf4-8535-03f5dc03248b,30898107
GameEngine,/gameEngine/GameSession,music,PlayMusic,d8467bfb-c7ed-4bf4-8535-03f5dc03248b,31188122
GameEngine,/gameEngine/GameSession,music,PlayMusic,d8467bfb-c7ed-4bf4-8535-03f5dc03248b,30847568
GameEngine,/gameEngine/GameSession,music,PlayMusic,d8467bfb-c7ed-4bf4-8535-03f5dc03248b,30572423
GameEngine,/gameEngine/GameSession,music,PlayMusic,d8467bfb-c7ed-4bf4-8535-03f5dc03248b,31342117
GameEngine,/gameEngine/GameSession,music,PlayMusic,d8467bfb-c7ed-4bf4-8535-03f5dc03248b,30826676
GameEngine,/gameEngine/GameSession,music,PlayMusic,d8467bfb-c7ed-4bf4-8535-03f5dc03248b,30766902
GameEngine,/gameEngine/GameSession,music,PlayMusic,d8467bfb-c7ed-4bf4-8535-03f5dc03248b,30914449
GameEngine,/gameEngine/GameSession,music,PlayMusic,d8467bfb-c7ed-4bf4-8535-03f5dc03248b,30527811
GameEngine,/gameEngine/GameSession,music,PlayMusic,d8467bfb-c7ed-4bf4-8535-03f5dc03248b,30899880
GameEngine,/gameEngine/GameSession,music,PlayMusic,d8467bfb-c7ed-4bf4-8535-03f5dc03248b,30650633
GameEngine,/gameEngine/GameSession,music,PlayMusic,d8467bfb-c7ed-4bf4-8535-03f5dc03248b,30823847
GameEngine,/gameEngine/GameSession,music,PlayMusic,d8467bfb-c7ed-4bf4-8535-03f5dc03248b,30693601
GameEngine,/gameEngine/GameSession,music,PlayMusic,d8467bfb-c7ed-4bf4-8535-03f5dc03248b,30607724
GameEngine,/gameEngine/GameSession,music,PlayMusic,d8467bfb-c7ed-4bf4-8535-03f5dc03248b,30921660
GameEngine,/gameEngine/GameSession,music,PlayMusic,d8467bfb-c7ed-4bf4-8535-03f5dc03248b,33600969
GameEngine,/gameEngine/GameSession,score,UpdateScore,d8467bfb-c7ed-4bf4-8535-03f5dc03248b,163137078
GameEngine,/gameEngine/GameSession,music,PlayMusic,12077b51-d2ce-4920-8acc-c4a2dd959d6e,30630371
GameEngine,/gameEngine/GameSession,music,PlayMusic,12077b51-d2ce-4920-8acc-c4a2dd959d6e,35571535
GameEngine,/gameEngine/GameSession,score,UpdateScore,12077b51-d2ce-4920-8acc-c4a2dd959d6e,164014308
GameEngine,/gameEngine/GameSession,music,PlayMusic,4e655110-64b5-4b25-999c-d032a7aaaa70,30488446
GameEngine,/gameEngine/GameSession,music,PlayMusic,4e655110-64b5-4b25-999c-d032a7aaaa70,30582568
GameEngine,/gameEngine/GameSession,music,PlayMusic,4e655110-64b5-4b25-999c-d032a7aaaa70,31023908
GameEngine,/gameEngine/GameSession,music,PlayMusic,4e655110-64b5-4b25-999c-d032a7aaaa70,30699582
GameEngine,/gameEngine/GameSession,music,PlayMusic,4e655110-64b5-4b25-999c-d032a7aaaa70,31060322
GameEngine,/gameEngine/GameSession,music,PlayMusic,4e655110-64b5-4b25-999c-d032a7aaaa70,30706409
GameEngine,/gameEngine/GameSession,music,PlayMusic,4e655110-64b5-4b25-999c-d032a7aaaa70,30795874
GameEngine,/gameEngine/GameSession,music,PlayMusic,4e655110-64b5-4b25-999c-d032a7aaaa70,30892906
GameEngine,/gameEngine/GameSession,music,PlayMusic,4e655110-64b5-4b25-999c-d032a7aaaa70,30644573
GameEngine,/gameEngine/GameSession,music,PlayMusic,4e655110-64b5-4b25-999c-d032a7aaaa70,31068884
GameEngine,/gameEngine/GameSession,music,PlayMusic,4e655110-64b5-4b25-999c-d032a7aaaa70,30185348
GameEngine,/gameEngine/GameSession,music,PlayMusic,4e655110-64b5-4b25-999c-d032a7aaaa70,30435044
GameEngine,/gameEngine/GameSession,music,PlayMusic,4e655110-64b5-4b25-999c-d032a7aaaa70,30432574
GameEngine,/gameEngine/GameSession,music,PlayMusic,4e655110-64b5-4b25-999c-d032a7aaaa70,30204967
GameEngine,/gameEngine/GameSession,music,PlayMusic,4e655110-64b5-4b25-999c-d032a7aaaa70,30342653
GameEngine,/gameEngine/GameSession,music,PlayMusic,4e655110-64b5-4b25-999c-d032a7aaaa70,30683155
GameEngine,/gameEngine/GameSession,music,PlayMusic,4e655110-64b5-4b25-999c-d032a7aaaa70,30393524
GameEngine,/gameEngine/GameSession,music,PlayMusic,4e655110-64b5-4b25-999c-d032a7aaaa70,31235578
GameEngine,/gameEngine/GameSession,music,PlayMusic,4e655110-64b5-4b25-999c-d032a7aaaa70,30497034
GameEngine,/gameEngine/GameSession,music,PlayMusic,4e655110-64b5-4b25-999c-d032a7aaaa70,30582372
GameEngine,/gameEngine/GameSession,music,PlayMusic,4e655110-64b5-4b25-999c-d032a7aaaa70,31052440
GameEngine,/gameEngine/GameSession,music,PlayMusic,4e655110-64b5-4b25-999c-d032a7aaaa70,30871211
GameEngine,/gameEngine/GameSession,music,PlayMusic,4e655110-64b5-4b25-999c-d032a7aaaa70,30784028
GameEngine,/gameEngine/GameSession,music,PlayMusic,4e655110-64b5-4b25-999c-d032a7aaaa70,31003009
GameEngine,/gameEngine/GameSession,music,PlayMusic,4e655110-64b5-4b25-999c-d032a7aaaa70,30596734
GameEngine,/gameEngine/GameSession,music,PlayMusic,4e655110-64b5-4b25-999c-d032a7aaaa70,30627758
GameEngine,/gameEngine/GameSession,music,PlayMusic,4e655110-64b5-4b25-999c-d032a7aaaa70,31164873
GameEngine,/gameEngine/GameSession,music,PlayMusic,4e655110-64b5-4b25-999c-d032a7aaaa70,30827067
GameEngine,/gameEngine/GameSession,music,PlayMusic,4e655110-64b5-4b25-999c-d032a7aaaa70,30612657
GameEngine,/gameEngine/GameSession,music,PlayMusic,4e655110-64b5-4b25-999c-d032a7aaaa70,31194704
GameEngine,/gameEngine/GameSession,music,PlayMusic,4e655110-64b5-4b25-999c-d032a7aaaa70,30596377
GameEngine,/gameEngine/GameSession,music,PlayMusic,4e655110-64b5-4b25-999c-d032a7aaaa70,31109850
GameEngine,/gameEngine/GameSession,music,PlayMusic,4e655110-64b5-4b25-999c-d032a7aaaa70,31553574
GameEngine,/gameEngine/GameSession,music,PlayMusic,4e655110-64b5-4b25-999c-d032a7aaaa70,30928184
GameEngine,/gameEngine/GameSession,music,PlayMusic,4e655110-64b5-4b25-999c-d032a7aaaa70,30748095
GameEngine,/gameEngine/GameSession,music,PlayMusic,4e655110-64b5-4b25-999c-d032a7aaaa70,30922440
GameEngine,/gameEngine/GameSession,music,PlayMusic,4e655110-64b5-4b25-999c-d032a7aaaa70,30730290
GameEngine,/gameEngine/GameSession,music,PlayMusic,4e655110-64b5-4b25-999c-d032a7aaaa70,30687282
GameEngine,/gameEngine/GameSession,music,PlayMusic,4e655110-64b5-4b25-999c-d032a7aaaa70,31303585
GameEngine,/gameEngine/GameSession,music,PlayMusic,4e655110-64b5-4b25-999c-d032a7aaaa70,30942342
GameEngine,/gameEngine/GameSession,music,PlayMusic,4e655110-64b5-4b25-999c-d032a7aaaa70,30767260
GameEngine,/gameEngine/GameSession,music,PlayMusic,4e655110-64b5-4b25-999c-d032a7aaaa70,30956835
GameEngine,/gameEngine/GameSession,music,PlayMusic,4e655110-64b5-4b25-999c-d032a7aaaa70,30985066
GameEngine,/gameEngine/GameSession,music,PlayMusic,4e655110-64b5-4b25-999c-d032a7aaaa70,31485295
GameEngine,/gameEngine/GameSession,music,PlayMusic,4e655110-64b5-4b25-999c-d032a7aaaa70,30631894
GameEngine,/gameEngine/GameSession,music,PlayMusic,4e655110-64b5-4b25-999c-d032a7aaaa70,30721488
GameEngine,/gameEngine/GameSession,music,PlayMusic,4e655110-64b5-4b25-999c-d032a7aaaa70,31380138
GameEngine,/gameEngine/GameSession,music,PlayMusic,4e655110-64b5-4b25-999c-d032a7aaaa70,30457010
GameEngine,/gameEngine/GameSession,music,PlayMusic,4e655110-64b5-4b25-999c-d032a7aaaa70,30796555
GameEngine,/gameEngine/GameSession,music,PlayMusic,4e655110-64b5-4b25-999c-d032a7aaaa70,30461533
GameEngine,/gameEngine/GameSession,music,PlayMusic,4e655110-64b5-4b25-999c-d032a7aaaa70,30609561
GameEngine,/gameEngine/GameSession,music,PlayMusic,4e655110-64b5-4b25-999c-d032a7aaaa70,30701990
GameEngine,/gameEngine/GameSession,music,PlayMusic,4e655110-64b5-4b25-999c-d032a7aaaa70,30707270
GameEngine,/gameEngine/GameSession,music,PlayMusic,4e655110-64b5-4b25-999c-d032a7aaaa70,30554101
GameEngine,/gameEngine/GameSession,music,PlayMusic,4e655110-64b5-4b25-999c-d032a7aaaa70,30841465
GameEngine,/gameEngine/GameSession,music,PlayMusic,4e655110-64b5-4b25-999c-d032a7aaaa70,30502840
GameEngine,/gameEngine/GameSession,music,PlayMusic,4e655110-64b5-4b25-999c-d032a7aaaa70,30511524
GameEngine,/gameEngine/GameSession,music,PlayMusic,4e655110-64b5-4b25-999c-d032a7aaaa70,30198104
GameEngine,/gameEngine/GameSession,music,PlayMusic,4e655110-64b5-4b25-999c-d032a7aaaa70,30724586
GameEngine,/gameEngine/GameSession,music,PlayMusic,4e655110-64b5-4b25-999c-d032a7aaaa70,31178401
GameEngine,/gameEngine/GameSession,music,PlayMusic,4e655110-64b5-4b25-999c-d032a7aaaa70,30740659
GameEngine,/gameEngine/GameSession,music,PlayMusic,4e655110-64b5-4b25-999c-d032a7aaaa70,31203721
GameEngine,/gameEngine/GameSession,music,PlayMusic,4e655110-64b5-4b25-999c-d032a7aaaa70,30735227
GameEngine,/gameEngine/GameSession,music,PlayMusic,4e655110-64b5-4b25-999c-d032a7aaaa70,30698718
GameEngine,/gameEngine/GameSession,music,PlayMusic,4e655110-64b5-4b25-999c-d032a7aaaa70,31240300
GameEngine,/gameEngine/GameSession,music,PlayMusic,4e655110-64b5-4b25-999c-d032a7aaaa70,31196776
GameEngine,/gameEngine/GameSession,music,PlayMusic,4e655110-64b5-4b25-999c-d032a7aaaa70,30595285
GameEngine,/gameEngine/GameSession,music,PlayMusic,4e655110-64b5-4b25-999c-d032a7aaaa70,31008902
GameEngine,/gameEngine/GameSession,music,PlayMusic,4e655110-64b5-4b25-999c-d032a7aaaa70,30347874
GameEngine,/gameEngine/GameSession,music,PlayMusic,4e655110-64b5-4b25-999c-d032a7aaaa70,30420654
GameEngine,/gameEngine/GameSession,music,PlayMusic,4e655110-64b5-4b25-999c-d032a7aaaa70,30660692
GameEngine,/gameEngine/GameSession,music,PlayMusic,4e655110-64b5-4b25-999c-d032a7aaaa70,30354946
GameEngine,/gameEngine/GameSession,music,PlayMusic,4e655110-64b5-4b25-999c-d032a7aaaa70,30144945
GameEngine,/gameEngine/GameSession,music,PlayMusic,4e655110-64b5-4b25-999c-d032a7aaaa70,30568635
GameEngine,/gameEngine/GameSession,music,PlayMusic,4e655110-64b5-4b25-999c-d032a7aaaa70,31122276
GameEngine,/gameEngine/GameSession,music,PlayMusic,4e655110-64b5-4b25-999c-d032a7aaaa70,30804132
GameEngine,/gameEngine/GameSession,music,PlayMusic,4e655110-64b5-4b25-999c-d032a7aaaa70,30457161
GameEngine,/gameEngine/GameSession,music,PlayMusic,4e655110-64b5-4b25-999c-d032a7aaaa70,31054894
GameEngine,/gameEngine/GameSession,music,PlayMusic,4e655110-64b5-4b25-999c-d032a7aaaa70,30861613
GameEngine,/gameEngine/GameSession,music,PlayMusic,4e655110-64b5-4b25-999c-d032a7aaaa70,30468314
GameEngine,/gameEngine/GameSession,music,PlayMusic,4e655110-64b5-4b25-999c-d032a7aaaa70,30329806
GameEngine,/gameEngine/GameSession,music,PlayMusic,4e655110-64b5-4b25-999c-d032a7aaaa70,30169475
GameEngine,/gameEngine/GameSession,music,PlayMusic,4e655110-64b5-4b25-999c-d032a7aaaa70,31238383
GameEngine,/gameEngine/GameSession,music,PlayMusic,4e655110-64b5-4b25-999c-d032a7aaaa70,31232284
GameEngine,/gameEngine/GameSession,music,PlayMusic,4e655110-64b5-4b25-999c-d032a7aaaa70,30981771
GameEngine,/gameEngine/GameSession,music,PlayMusic,4e655110-64b5-4b25-999c-d032a7aaaa70,30832043
GameEngine,/gameEngine/GameSession,music,PlayMusic,4e655110-64b5-4b25-999c-d032a7aaaa70,30730424
GameEngine,/gameEngine/GameSession,music,PlayMusic,4e655110-64b5-4b25-999c-d032a7aaaa70,30727635
GameEngine,/gameEngine/GameSession,music,PlayMusic,4e655110-64b5-4b25-999c-d032a7aaaa70,30856259
GameEngine,/gameEngine/GameSession,music,PlayMusic,4e655110-64b5-4b25-999c-d032a7aaaa70,30522924
GameEngine,/gameEngine/GameSession,music,PlayMusic,4e655110-64b5-4b25-999c-d032a7aaaa70,30438353
GameEngine,/gameEngine/GameSession,music,PlayMusic,4e655110-64b5-4b25-999c-d032a7aaaa70,30943048
GameEngine,/gameEngine/GameSession,music,PlayMusic,4e655110-64b5-4b25-999c-d032a7aaaa70,30655293
GameEngine,/gameEngine/GameSession,music,PlayMusic,4e655110-64b5-4b25-999c-d032a7aaaa70,30913543
GameEngine,/gameEngine/GameSession,music,PlayMusic,4e655110-64b5-4b25-999c-d032a7aaaa70,30595138
GameEngine,/gameEngine/GameSession,music,PlayMusic,4e655110-64b5-4b25-999c-d032a7aaaa70,30377187
GameEngine,/gameEngine/GameSession,music,PlayMusic,4e655110-64b5-4b25-999c-d032a7aaaa70,30257270
GameEngine,/gameEngine/GameSession,music,PlayMusic,4e655110-64b5-4b25-999c-d032a7aaaa70,30484615
GameEngine,/gameEngine/GameSession,music,PlayMusic,4e655110-64b5-4b25-999c-d032a7aaaa70,30764156
GameEngine,/gameEngine/GameSession,music,PlayMusic,4e655110-64b5-4b25-999c-d032a7aaaa70,30665385
GameEngine,/gameEngine/GameSession,music,PlayMusic,4e655110-64b5-4b25-999c-d032a7aaaa70,30673583
GameEngine,/gameEngine/GameSession,music,PlayMusic,4e655110-64b5-4b25-999c-d032a7aaaa70,31090010
GameEngine,/gameEngine/GameSession,music,PlayMusic,4e655110-64b5-4b25-999c-d032a7aaaa70,30525065
GameEngine,/gameEngine/GameSession,music,PlayMusic,4e655110-64b5-4b25-999c-d032a7aaaa70,30364207
GameEngine,/gameEngine/GameSession,music,PlayMusic,4e655110-64b5-4b25-999c-d032a7aaaa70,31261475
GameEngine,/gameEngine/GameSession,music,PlayMusic,4e655110-64b5-4b25-999c-d032a7aaaa70,31288044
GameEngine,/gameEngine/GameSession,music,PlayMusic,4e655110-64b5-4b25-999c-d032a7aaaa70,30886033
GameEngine,/gameEngine/GameSession,music,PlayMusic,4e655110-64b5-4b25-999c-d032a7aaaa70,31203752
GameEngine,/gameEngine/GameSession,music,PlayMusic,4e655110-64b5-4b25-999c-d032a7aaaa70,31116637
GameEngine,/gameEngine/GameSession,music,PlayMusic,4e655110-64b5-4b25-999c-d032a7aaaa70,33494643
GameEngine,/gameEngine/GameSession,score,UpdateScore,4e655110-64b5-4b25-999c-d032a7aaaa70,163239843
GameEngine,/gameEngine/GameSession,music,PlayMusic,19aa7db3-8028-4b7d-8d63-99a3ab1b4fcb,31659297
GameEngine,/gameEngine/GameSession,music,PlayMusic,19aa7db3-8028-4b7d-8d63-99a3ab1b4fcb,34348771
GameEngine,/gameEngine/GameSession,score,UpdateScore,19aa7db3-8028-4b7d-8d63-99a3ab1b4fcb,164301703
GameEngine,/gameEngine/GameSession,music,PlayMusic,58ce3020-3cab-42cc-8ea6-3562f180f589,30756488
GameEngine,/gameEngine/GameSession,music,PlayMusic,58ce3020-3cab-42cc-8ea6-3562f180f589,34920246
GameEngine,/gameEngine/GameSession,score,UpdateScore,58ce3020-3cab-42cc-8ea6-3562f180f589,165423137
GameEngine,/gameEngine/GameSession,music,PlayMusic,5613d541-2c24-4fbd-8539-310313064541,30581087
GameEngine,/gameEngine/GameSession,music,PlayMusic,5613d541-2c24-4fbd-8539-310313064541,34889077
GameEngine,/gameEngine/GameSession,score,UpdateScore,5613d541-2c24-4fbd-8539-310313064541,163084768
GameEngine,/gameEngine/GameSession,music,PlayMusic,c8832f7b-222c-43b3-9b55-84c70a0278a8,30380143
GameEngine,/gameEngine/GameSession,music,PlayMusic,c8832f7b-222c-43b3-9b55-84c70a0278a8,35345021
GameEngine,/gameEngine/GameSession,score,UpdateScore,c8832f7b-222c-43b3-9b55-84c70a0278a8,165553505
GameEngine,/gameEngine/GameSession,music,PlayMusic,36475d01-284b-4a81-9be9-fdeb6eb488f0,30503341
GameEngine,/gameEngine/GameSession,music,PlayMusic,36475d01-284b-4a81-9be9-fdeb6eb488f0,31194074
GameEngine,/gameEngine/GameSession,music,PlayMusic,36475d01-284b-4a81-9be9-fdeb6eb488f0,31095830
GameEngine,/gameEngine/GameSession,music,PlayMusic,36475d01-284b-4a81-9be9-fdeb6eb488f0,31938822
GameEngine,/gameEngine/GameSession,music,PlayMusic,36475d01-284b-4a81-9be9-fdeb6eb488f0,30161496
GameEngine,/gameEngine/GameSession,music,PlayMusic,36475d01-284b-4a81-9be9-fdeb6eb488f0,30734818
GameEngine,/gameEngine/GameSession,music,PlayMusic,36475d01-284b-4a81-9be9-fdeb6eb488f0,30676844
GameEngine,/gameEngine/GameSession,music,PlayMusic,36475d01-284b-4a81-9be9-fdeb6eb488f0,30774198
GameEngine,/gameEngine/GameSession,music,PlayMusic,36475d01-284b-4a81-9be9-fdeb6eb488f0,31062059
GameEngine,/gameEngine/GameSession,music,PlayMusic,36475d01-284b-4a81-9be9-fdeb6eb488f0,30788883
GameEngine,/gameEngine/GameSession,music,PlayMusic,36475d01-284b-4a81-9be9-fdeb6eb488f0,30926644
GameEngine,/gameEngine/GameSession,music,PlayMusic,36475d01-284b-4a81-9be9-fdeb6eb488f0,31084478
GameEngine,/gameEngine/GameSession,music,PlayMusic,36475d01-284b-4a81-9be9-fdeb6eb488f0,30969698
GameEngine,/gameEngine/GameSession,music,PlayMusic,36475d01-284b-4a81-9be9-fdeb6eb488f0,30316664
GameEngine,/gameEngine/GameSession,music,PlayMusic,36475d01-284b-4a81-9be9-fdeb6eb488f0,31145300
GameEngine,/gameEngine/GameSession,music,PlayMusic,36475d01-284b-4a81-9be9-fdeb6eb488f0,30731573
GameEngine,/gameEngine/GameSession,music,PlayMusic,36475d01-284b-4a81-9be9-fdeb6eb488f0,30307056
GameEngine,/gameEngine/GameSession,music,PlayMusic,36475d01-284b-4a81-9be9-fdeb6eb488f0,30732213
GameEngine,/gameEngine/GameSession,music,PlayMusic,36475d01-284b-4a81-9be9-fdeb6eb488f0,31089758
GameEngine,/gameEngine/GameSession,music,PlayMusic,36475d01-284b-4a81-9be9-fdeb6eb488f0,30405197
GameEngine,/gameEngine/GameSession,music,PlayMusic,36475d01-284b-4a81-9be9-fdeb6eb488f0,30648608
GameEngine,/gameEngine/GameSession,music,PlayMusic,36475d01-284b-4a81-9be9-fdeb6eb488f0,30831241
GameEngine,/gameEngine/GameSession,music,PlayMusic,36475d01-284b-4a81-9be9-fdeb6eb488f0,33568540
GameEngine,/gameEngine/GameSession,score,UpdateScore,36475d01-284b-4a81-9be9-fdeb6eb488f0,164227813
GameEngine,/gameEngine/GameSession,music,PlayMusic,0518b2c4-69c5-4b61-a039-1391221527c5,30490993
GameEngine,/gameEngine/GameSession,music,PlayMusic,0518b2c4-69c5-4b61-a039-1391221527c5,34081730
GameEngine,/gameEngine/GameSession,score,UpdateScore,0518b2c4-69c5-4b61-a039-1391221527c5,162809577
GameEngine,/gameEngine/GameSession,music,PlayMusic,36aedd9c-d2de-4f59-bb57-59fdf83f8084,30674500
GameEngine,/gameEngine/GameSession,music,PlayMusic,36aedd9c-d2de-4f59-bb57-59fdf83f8084,31369569
GameEngine,/gameEngine/GameSession,music,PlayMusic,36aedd9c-d2de-4f59-bb57-59fdf83f8084,30612587
GameEngine,/gameEngine/GameSession,music,PlayMusic,36aedd9c-d2de-4f59-bb57-59fdf83f8084,31840657
GameEngine,/gameEngine/GameSession,music,PlayMusic,36aedd9c-d2de-4f59-bb57-59fdf83f8084,30507781
GameEngine,/gameEngine/GameSession,music,PlayMusic,36aedd9c-d2de-4f59-bb57-59fdf83f8084,31030026
GameEngine,/gameEngine/GameSession,music,PlayMusic,36aedd9c-d2de-4f59-bb57-59fdf83f8084,31132552
GameEngine,/gameEngine/GameSession,music,PlayMusic,36aedd9c-d2de-4f59-bb57-59fdf83f8084,31660694
GameEngine,/gameEngine/GameSession,music,PlayMusic,36aedd9c-d2de-4f59-bb57-59fdf83f8084,30614227
GameEngine,/gameEngine/GameSession,music,PlayMusic,36aedd9c-d2de-4f59-bb57-59fdf83f8084,30589692
GameEngine,/gameEngine/GameSession,music,PlayMusic,36aedd9c-d2de-4f59-bb57-59fdf83f8084,30876917
GameEngine,/gameEngine/GameSession,music,PlayMusic,36aedd9c-d2de-4f59-bb57-59fdf83f8084,30930729
GameEngine,/gameEngine/GameSession,music,PlayMusic,36aedd9c-d2de-4f59-bb57-59fdf83f8084,31092775
GameEngine,/gameEngine/GameSession,music,PlayMusic,36aedd9c-d2de-4f59-bb57-59fdf83f8084,30671759
GameEngine,/gameEngine/GameSession,music,PlayMusic,36aedd9c-d2de-4f59-bb57-59fdf83f8084,31154013
GameEngine,/gameEngine/GameSession,music,PlayMusic,36aedd9c-d2de-4f59-bb57-59fdf83f8084,30436672
GameEngine,/gameEngine/GameSession,music,PlayMusic,36aedd9c-d2de-4f59-bb57-59fdf83f8084,30548181
GameEngine,/gameEngine/GameSession,music,PlayMusic,36aedd9c-d2de-4f59-bb57-59fdf83f8084,30726647
GameEngine,/gameEngine/GameSession,music,PlayMusic,36aedd9c-d2de-4f59-bb57-59fdf83f8084,31197876
GameEngine,/gameEngine/GameSession,music,PlayMusic,36aedd9c-d2de-4f59-bb57-59fdf83f8084,30347568
GameEngine,/gameEngine/GameSession,music,PlayMusic,36aedd9c-d2de-4f59-bb57-59fdf83f8084,30952834
GameEngine,/gameEngine/GameSession,music,PlayMusic,36aedd9c-d2de-4f59-bb57-59fdf83f8084,30916905
GameEngine,/gameEngine/GameSession,music,PlayMusic,36aedd9c-d2de-4f59-bb57-59fdf83f8084,33216761
GameEngine,/gameEngine/GameSession,score,UpdateScore,36aedd9c-d2de-4f59-bb57-59fdf83f8084,164512233
GameEngine,/gameEngine/GameSession,music,PlayMusic,5fea6e32-f2ff-475d-bf03-2165287ca800,30456371
GameEngine,/gameEngine/GameSession,music,PlayMusic,5fea6e32-f2ff-475d-bf03-2165287ca800,35386317
GameEngine,/gameEngine/GameSession,score,UpdateScore,5fea6e32-f2ff-475d-bf03-2165287ca800,165350250
GameEngine,/gameEngine/GameSession,music,PlayMusic,a02492b7-9e97-4df2-a478-224d4d1cd2fe,30564042
GameEngine,/gameEngine/GameSession,music,PlayMusic,a02492b7-9e97-4df2-a478-224d4d1cd2fe,34812668
GameEngine,/gameEngine/GameSession,score,UpdateScore,a02492b7-9e97-4df2-a478-224d4d1cd2fe,163110607
GameEngine,/gameEngine/GameSession,music,PlayMusic,3df04b68-82b3-4b32-ab25-cf7e32b21671,30478642
GameEngine,/gameEngine/GameSession,music,PlayMusic,3df04b68-82b3-4b32-ab25-cf7e32b21671,34686142
GameEngine,/gameEngine/GameSession,score,UpdateScore,3df04b68-82b3-4b32-ab25-cf7e32b21671,164692459
GameEngine,/gameEngine/GameSession,music,PlayMusic,aa79799a-f45e-418c-bd6d-2987fe929b82,30449584
GameEngine,/gameEngine/GameSession,music,PlayMusic,aa79799a-f45e-418c-bd6d-2987fe929b82,34703691
GameEngine,/gameEngine/GameSession,score,UpdateScore,aa79799a-f45e-418c-bd6d-2987fe929b82,164008673
GameEngine,/gameEngine/GameSession,music,PlayMusic,426ea146-0f81-4c66-b1d5-77a03317fe1d,30688512
GameEngine,/gameEngine/GameSession,music,PlayMusic,426ea146-0f81-4c66-b1d5-77a03317fe1d,34770714
GameEngine,/gameEngine/GameSession,score,UpdateScore,426ea146-0f81-4c66-b1d5-77a03317fe1d,164162007
GameEngine,/gameEngine/GameSession,music,PlayMusic,e6ae1435-8319-451e-942e-a2cc4d2dc7aa,30478881
GameEngine,/gameEngine/GameSession,music,PlayMusic,e6ae1435-8319-451e-942e-a2cc4d2dc7aa,34800795
GameEngine,/gameEngine/GameSession,score,UpdateScore,e6ae1435-8319-451e-942e-a2cc4d2dc7aa,162930603
GameEngine,/gameEngine/GameSession,music,PlayMusic,a60ea618-77b3-48e3-a498-1752a65908a4,30793925
GameEngine,/gameEngine/GameSession,music,PlayMusic,a60ea618-77b3-48e3-a498-1752a65908a4,34646480
GameEngine,/gameEngine/GameSession,score,UpdateScore,a60ea618-77b3-48e3-a498-1752a65908a4,164397871
GameEngine,/gameEngine/GameSession,music,PlayMusic,ad34a85a-d158-4601-a13a-7df4f2bab969,30416413
GameEngine,/gameEngine/GameSession,music,PlayMusic,ad34a85a-d158-4601-a13a-7df4f2bab969,35165052
GameEngine,/gameEngine/GameSession,score,UpdateScore,ad34a85a-d158-4601-a13a-7df4f2bab969,164218094
GameEngine,/gameEngine/GameSession,music,PlayMusic,6ef6b722-59ef-4280-81d8-d2d2ff35083a,30861047
GameEngine,/gameEngine/GameSession,music,PlayMusic,6ef6b722-59ef-4280-81d8-d2d2ff35083a,31170897
GameEngine,/gameEngine/GameSession,music,PlayMusic,6ef6b722-59ef-4280-81d8-d2d2ff35083a,30606754
GameEngine,/gameEngine/GameSession,music,PlayMusic,6ef6b722-59ef-4280-81d8-d2d2ff35083a,30587797
GameEngine,/gameEngine/GameSession,music,PlayMusic,6ef6b722-59ef-4280-81d8-d2d2ff35083a,30200366
GameEngine,/gameEngine/GameSession,music,PlayMusic,6ef6b722-59ef-4280-81d8-d2d2ff35083a,30680052
GameEngine,/gameEngine/GameSession,music,PlayMusic,6ef6b722-59ef-4280-81d8-d2d2ff35083a,30702871
GameEngine,/gameEngine/GameSession,music,PlayMusic,6ef6b722-59ef-4280-81d8-d2d2ff35083a,31498244
GameEngine,/gameEngine/GameSession,music,PlayMusic,6ef6b722-59ef-4280-81d8-d2d2ff35083a,30627031
GameEngine,/gameEngine/GameSession,music,PlayMusic,6ef6b722-59ef-4280-81d8-d2d2ff35083a,30422393
GameEngine,/gameEngine/GameSession,music,PlayMusic,6ef6b722-59ef-4280-81d8-d2d2ff35083a,31215185
GameEngine,/gameEngine/GameSession,music,PlayMusic,6ef6b722-59ef-4280-81d8-d2d2ff35083a,31038328
GameEngine,/gameEngine/GameSession,music,PlayMusic,6ef6b722-59ef-4280-81d8-d2d2ff35083a,31026275
GameEngine,/gameEngine/GameSession,music,PlayMusic,6ef6b722-59ef-4280-81d8-d2d2ff35083a,31157416
GameEngine,/gameEngine/GameSession,music,PlayMusic,6ef6b722-59ef-4280-81d8-d2d2ff35083a,31160178
GameEngine,/gameEngine/GameSession,music,PlayMusic,6ef6b722-59ef-4280-81d8-d2d2ff35083a,30450798
GameEngine,/gameEngine/GameSession,music,PlayMusic,6ef6b722-59ef-4280-81d8-d2d2ff35083a,30294851
GameEngine,/gameEngine/GameSession,music,PlayMusic,6ef6b722-59ef-4280-81d8-d2d2ff35083a,30670877
GameEngine,/gameEngine/GameSession,music,PlayMusic,6ef6b722-59ef-4280-81d8-d2d2ff35083a,31478960
GameEngine,/gameEngine/GameSession,music,PlayMusic,6ef6b722-59ef-4280-81d8-d2d2ff35083a,30166147
GameEngine,/gameEngine/GameSession,music,PlayMusic,6ef6b722-59ef-4280-81d8-d2d2ff35083a,30780900
GameEngine,/gameEngine/GameSession,music,PlayMusic,6ef6b722-59ef-4280-81d8-d2d2ff35083a,30525758
GameEngine,/gameEngine/GameSession,music,PlayMusic,6ef6b722-59ef-4280-81d8-d2d2ff35083a,33555684
GameEngine,/gameEngine/GameSession,score,UpdateScore,6ef6b722-59ef-4280-81d8-d2d2ff35083a,163758743
GameEngine,/gameEngine/GameSession,music,PlayMusic,68b2f16f-330c-4a3f-b6e1-ece33ab1a0df,30524106
GameEngine,/gameEngine/GameSession,music,PlayMusic,68b2f16f-330c-4a3f-b6e1-ece33ab1a0df,35028798
GameEngine,/gameEngine/GameSession,score,UpdateScore,68b2f16f-330c-4a3f-b6e1-ece33ab1a0df,163940983
GameEngine,/gameEngine/GameSession,music,PlayMusic,60a1dc75-b577-40c3-8a3f-8e5d493e28e1,28950785
GameEngine,/gameEngine/GameSession,music,PlayMusic,60a1dc75-b577-40c3-8a3f-8e5d493e28e1,32029565
GameEngine,/gameEngine/GameSession,score,UpdateScore,60a1dc75-b577-40c3-8a3f-8e5d493e28e1,165932687
GameEngine,/gameEngine/GameSession,music,PlayMusic,1c4041c0-6c62-49f5-b9e1-de37cb6acabb,28326892
GameEngine,/gameEngine/GameSession,music,PlayMusic,1c4041c0-6c62-49f5-b9e1-de37cb6acabb,32204380
GameEngine,/gameEngine/GameSession,score,UpdateScore,1c4041c0-6c62-49f5-b9e1-de37cb6acabb,166757787
GameEngine,/gameEngine/GameSession,music,PlayMusic,465ed158-717b-49af-92d3-7c899a1e9678,28863877
GameEngine,/gameEngine/GameSession,music,PlayMusic,465ed158-717b-49af-92d3-7c899a1e9678,32405767
GameEngine,/gameEngine/GameSession,score,UpdateScore,465ed158-717b-49af-92d3-7c899a1e9678,164753546
GameEngine,/gameEngine/GameSession,music,PlayMusic,dbcef577-ef98-4ebe-a487-90b4b4777998,28280209
GameEngine,/gameEngine/GameSession,music,PlayMusic,dbcef577-ef98-4ebe-a487-90b4b4777998,32420543
GameEngine,/gameEngine/GameSession,score,UpdateScore,dbcef577-ef98-4ebe-a487-90b4b4777998,165741949
GameEngine,/gameEngine/GameSession,music,PlayMusic,9355a674-6f5c-45bc-9f5d-d04abfa45a0d,28300294
GameEngine,/gameEngine/GameSession,music,PlayMusic,9355a674-6f5c-45bc-9f5d-d04abfa45a0d,32238863
GameEngine,/gameEngine/GameSession,score,UpdateScore,9355a674-6f5c-45bc-9f5d-d04abfa45a0d,165395789
GameEngine,/gameEngine/GameSession,music,PlayMusic,566ac44f-b46b-4d8d-aa4d-494c9489625b,28467062
GameEngine,/gameEngine/GameSession,music,PlayMusic,566ac44f-b46b-4d8d-aa4d-494c9489625b,32325790
GameEngine,/gameEngine/GameSession,score,UpdateScore,566ac44f-b46b-4d8d-aa4d-494c9489625b,165517148
GameEngine,/gameEngine/GameSession,music,PlayMusic,d6c94281-d881-4aa3-a4dc-be9f0bf9af25,28582687
GameEngine,/gameEngine/GameSession,music,PlayMusic,d6c94281-d881-4aa3-a4dc-be9f0bf9af25,32158217
GameEngine,/gameEngine/GameSession,score,UpdateScore,d6c94281-d881-4aa3-a4dc-be9f0bf9af25,163908165
GameEngine,/gameEngine/GameSession,music,PlayMusic,1b909b6d-8ebc-4c36-943f-c1aa0221374f,27915885
GameEngine,/gameEngine/GameSession,music,PlayMusic,1b909b6d-8ebc-4c36-943f-c1aa0221374f,32670822
GameEngine,/gameEngine/GameSession,score,UpdateScore,1b909b6d-8ebc-4c36-943f-c1aa0221374f,165059463
GameEngine,/gameEngine/GameSession,music,PlayMusic,eca3f984-37cb-4333-8f66-8024c4fe851b,28560028
GameEngine,/gameEngine/GameSession,music,PlayMusic,eca3f984-37cb-4333-8f66-8024c4fe851b,33072754
GameEngine,/gameEngine/GameSession,score,UpdateScore,eca3f984-37cb-4333-8f66-8024c4fe851b,165148163
GameEngine,/gameEngine/GameSession,music,PlayMusic,2a244a4f-59b7-4cb9-9904-dacbc6b1453f,28196012
GameEngine,/gameEngine/GameSession,music,PlayMusic,2a244a4f-59b7-4cb9-9904-dacbc6b1453f,32445396
GameEngine,/gameEngine/GameSession,score,UpdateScore,2a244a4f-59b7-4cb9-9904-dacbc6b1453f,166459019
GameEngine,/gameEngine/GameSession,music,PlayMusic,5b9aed71-ef46-4e02-ad1c-1be5e0bc36de,28471117
GameEngine,/gameEngine/GameSession,music,PlayMusic,5b9aed71-ef46-4e02-ad1c-1be5e0bc36de,28554737
GameEngine,/gameEngine/GameSession,music,PlayMusic,5b9aed71-ef46-4e02-ad1c-1be5e0bc36de,28153753
GameEngine,/gameEngine/GameSession,music,PlayMusic,5b9aed71-ef46-4e02-ad1c-1be5e0bc36de,29757281
GameEngine,/gameEngine/GameSession,music,PlayMusic,5b9aed71-ef46-4e02-ad1c-1be5e0bc36de,28263139
GameEngine,/gameEngine/GameSession,music,PlayMusic,5b9aed71-ef46-4e02-ad1c-1be5e0bc36de,28385262
GameEngine,/gameEngine/GameSession,music,PlayMusic,5b9aed71-ef46-4e02-ad1c-1be5e0bc36de,28103076
GameEngine,/gameEngine/GameSession,music,PlayMusic,5b9aed71-ef46-4e02-ad1c-1be5e0bc36de,28438248
GameEngine,/gameEngine/GameSession,music,PlayMusic,5b9aed71-ef46-4e02-ad1c-1be5e0bc36de,28752455
GameEngine,/gameEngine/GameSession,music,PlayMusic,5b9aed71-ef46-4e02-ad1c-1be5e0bc36de,28447292
GameEngine,/gameEngine/GameSession,music,PlayMusic,5b9aed71-ef46-4e02-ad1c-1be5e0bc36de,28579127
GameEngine,/gameEngine/GameSession,music,PlayMusic,5b9aed71-ef46-4e02-ad1c-1be5e0bc36de,28697360
GameEngine,/gameEngine/GameSession,music,PlayMusic,5b9aed71-ef46-4e02-ad1c-1be5e0bc36de,28170586
GameEngine,/gameEngine/GameSession,music,PlayMusic,5b9aed71-ef46-4e02-ad1c-1be5e0bc36de,28101252
GameEngine,/gameEngine/GameSession,music,PlayMusic,5b9aed71-ef46-4e02-ad1c-1be5e0bc36de,28675125
GameEngine,/gameEngine/GameSession,music,PlayMusic,5b9aed71-ef46-4e02-ad1c-1be5e0bc36de,28141295
GameEngine,/gameEngine/GameSession,music,PlayMusic,5b9aed71-ef46-4e02-ad1c-1be5e0bc36de,28630271
GameEngine,/gameEngine/GameSession,music,PlayMusic,5b9aed71-ef46-4e02-ad1c-1be5e0bc36de,27789121
GameEngine,/gameEngine/GameSession,music,PlayMusic,5b9aed71-ef46-4e02-ad1c-1be5e0bc36de,28648010
GameEngine,/gameEngine/GameSession,music,PlayMusic,5b9aed71-ef46-4e02-ad1c-1be5e0bc36de,28420782
GameEngine,/gameEngine/GameSession,music,PlayMusic,5b9aed71-ef46-4e02-ad1c-1be5e0bc36de,28547691
GameEngine,/gameEngine/GameSession,music,PlayMusic,5b9aed71-ef46-4e02-ad1c-1be5e0bc36de,28660657
GameEngine,/gameEngine/GameSession,music,PlayMusic,5b9aed71-ef46-4e02-ad1c-1be5e0bc36de,31244161
GameEngine,/gameEngine/GameSession,score,UpdateScore,5b9aed71-ef46-4e02-ad1c-1be5e0bc36de,163790974
GameEngine,/gameEngine/GameSession,music,PlayMusic,2f3c2420-2d1c-4183-a476-e9864287376a,27967209
GameEngine,/gameEngine/GameSession,music,PlayMusic,2f3c2420-2d1c-4183-a476-e9864287376a,28252345
GameEngine,/gameEngine/GameSession,music,PlayMusic,2f3c2420-2d1c-4183-a476-e9864287376a,28139566
GameEngine,/gameEngine/GameSession,music,PlayMusic,2f3c2420-2d1c-4183-a476-e9864287376a,29917551
GameEngine,/gameEngine/GameSession,music,PlayMusic,2f3c2420-2d1c-4183-a476-e9864287376a,28344201
GameEngine,/gameEngine/GameSession,music,PlayMusic,2f3c2420-2d1c-4183-a476-e9864287376a,34088528
GameEngine,/gameEngine/GameSession,music,PlayMusic,2f3c2420-2d1c-4183-a476-e9864287376a,27977990
GameEngine,/gameEngine/GameSession,score,UpdateScore,2f3c2420-2d1c-4183-a476-e9864287376a,167206087
initiator,StartGame,worldGen,GenerateWorld,4e562369-bce0-4b49-9260-f34357336404,693721708
initiator,StartGame,gameEngine,EngineStartGame,4e562369-bce0-4b49-9260-f34357336404,467850313
initiator,StartGame,worldGen,GenerateWorld,37414086-1556-4726-ae64-f95cc932015a,173519742
initiator,StartGame,gameEngine,EngineStartGame,37414086-1556-4726-ae64-f95cc932015a,116594716
initiator,StartGame,worldGen,GenerateWorld,09116da7-e477-4479-b946-0d7d5f29fe23,173177604
initiator,StartGame,gameEngine,EngineStartGame,09116da7-e477-4479-b946-0d7d5f29fe23,117232030
initiator,StartGame,worldGen,GenerateWorld,1c4eed03-88c1-4fed-9c17-9e8bb50c5a4f,172585511
initiator,StartGame,gameEngine,EngineStartGame,1c4eed03-88c1-4fed-9c17-9e8bb50c5a4f,117136206
initiator,StartGame,worldGen,GenerateWorld,9f715751-74a3-4cc3-9752-1ff9d64f23d0,172888913
initiator,StartGame,gameEngine,EngineStartGame,9f715751-74a3-4cc3-9752-1ff9d64f23d0,116680076
initiator,StartGame,worldGen,GenerateWorld,a0179679-4281-4523-b076-3946c7ab99d7,172783025
initiator,StartGame,gameEngine,EngineStartGame,a0179679-4281-4523-b076-3946c7ab99d7,116909881
initiator,StartGame,worldGen,GenerateWorld,68ac3067-745e-4531-995b-fc7d9a94a6a7,172556183
initiator,StartGame,gameEngine,EngineStartGame,68ac3067-745e-4531-995b-fc7d9a94a6a7,117047985
initiator,StartGame,worldGen,GenerateWorld,9d9aae48-4526-411b-8f0e-6258b51c86bc,172694513
initiator,StartGame,gameEngine,EngineStartGame,9d9aae48-4526-411b-8f0e-6258b51c86bc,116808656
initiator,StartGame,worldGen,GenerateWorld,9d6f646f-8df8-437e-bb6d-4803e1757de3,173104976
initiator,StartGame,gameEngine,EngineStartGame,9d6f646f-8df8-437e-bb6d-4803e1757de3,116913322
initiator,StartGame,worldGen,GenerateWorld,f12591dc-ec52-47e9-839b-90682cf3ee1a,172834325
initiator,StartGame,gameEngine,EngineStartGame,f12591dc-ec52-47e9-839b-90682cf3ee1a,116564421
initiator,StartGame,worldGen,GenerateWorld,9a7b7c38-6947-458e-bccc-467da145def0,172078671
initiator,StartGame,gameEngine,EngineStartGame,9a7b7c38-6947-458e-bccc-467da145def0,116302626
initiator,StartGame,worldGen,GenerateWorld,70660fc0-bc4b-4241-bf8e-b30c30602297,172571208
initiator,StartGame,gameEngine,EngineStartGame,70660fc0-bc4b-4241-bf8e-b30c30602297,116101112
initiator,StartGame,worldGen,GenerateWorld,485d279a-ddbf-4102-9809-e2e30fcafcf1,172967393
initiator,StartGame,gameEngine,EngineStartGame,485d279a-ddbf-4102-9809-e2e30fcafcf1,116723827
initiator,StartGame,worldGen,GenerateWorld,cfe71b6f-520e-476f-9bcb-cbe44a798ba7,172813182
initiator,StartGame,gameEngine,EngineStartGame,cfe71b6f-520e-476f-9bcb-cbe44a798ba7,116496153
initiator,StartGame,worldGen,GenerateWorld,668355be-69f6-4863-8a65-aeef26584951,173208427
initiator,StartGame,gameEngine,EngineStartGame,668355be-69f6-4863-8a65-aeef26584951,116975281
initiator,StartGame,worldGen,GenerateWorld,2be5320e-b609-4492-9fba-52abc8ef4725,173032186
initiator,StartGame,gameEngine,EngineStartGame,2be5320e-b609-4492-9fba-52abc8ef4725,116276558
initiator,StartGame,worldGen,GenerateWorld,4f9076b8-def4-4437-b21a-e6ca3ef22d11,172941587
initiator,StartGame,gameEngine,EngineStartGame,4f9076b8-def4-4437-b21a-e6ca3ef22d11,116340272
initiator,StartGame,worldGen,GenerateWorld,713b10c8-b367-4f5a-ba63-3f14beced7c9,173352765
initiator,StartGame,gameEngine,EngineStartGame,713b10c8-b367-4f5a-ba63-3f14beced7c9,117589107
initiator,StartGame,worldGen,GenerateWorld,be457788-6a9c-48f2-9060-e213fcb7ca00,172539444
initiator,StartGame,gameEngine,EngineStartGame,be457788-6a9c-48f2-9060-e213fcb7ca00,116941411
initiator,StartGame,worldGen,GenerateWorld,e6fbb1dc-3147-4871-9fe5-5cb4b104af02,173371159
initiator,StartGame,gameEngine,EngineStartGame,e6fbb1dc-3147-4871-9fe5-5cb4b104af02,116895177
initiator,StartGame,worldGen,GenerateWorld,235743d7-312d-4e90-bc25-e99223a5babb,173105369
initiator,StartGame,gameEngine,EngineStartGame,235743d7-312d-4e90-bc25-e99223a5babb,116872875
initiator,StartGame,worldGen,GenerateWorld,f32041fb-fc3d-457c-9451-86e8919d53c1,173143806
initiator,StartGame,gameEngine,EngineStartGame,f32041fb-fc3d-457c-9451-86e8919d53c1,116694907
initiator,StartGame,worldGen,GenerateWorld,4728572d-96f3-43e4-8b19-31fce12d0567,172425474
initiator,StartGame,gameEngine,EngineStartGame,4728572d-96f3-43e4-8b19-31fce12d0567,116438112
initiator,StartGame,worldGen,GenerateWorld,c1bd56e2-a78f-4193-a49a-2601804bce61,173071760
initiator,StartGame,gameEngine,EngineStartGame,c1bd56e2-a78f-4193-a49a-2601804bce61,116793268
initiator,StartGame,worldGen,GenerateWorld,00bc3f00-d01a-4b0c-8172-65411820558c,172694172
initiator,StartGame,gameEngine,EngineStartGame,00bc3f00-d01a-4b0c-8172-65411820558c,116798414
initiator,StartGame,worldGen,GenerateWorld,edf205fb-b2f2-432a-be8f-1482667f4fef,173056221
initiator,StartGame,gameEngine,EngineStartGame,edf205fb-b2f2-432a-be8f-1482667f4fef,116889553
initiator,StartGame,worldGen,GenerateWorld,441070e6-4a35-4488-a036-b152fed02c54,172378978
initiator,StartGame,gameEngine,EngineStartGame,441070e6-4a35-4488-a036-b152fed02c54,116854336
initiator,StartGame,worldGen,GenerateWorld,e807a3cb-a0d4-4432-9720-8499285fc71e,173046824
initiator,StartGame,gameEngine,EngineStartGame,e807a3cb-a0d4-4432-9720-8499285fc71e,116527431
initiator,StartGame,worldGen,GenerateWorld,d8467bfb-c7ed-4bf4-8535-03f5dc03248b,172986948
initiator,StartGame,gameEngine,EngineStartGame,d8467bfb-c7ed-4bf4-8535-03f5dc03248b,117513797
initiator,StartGame,worldGen,GenerateWorld,12077b51-d2ce-4920-8acc-c4a2dd959d6e,173782522
initiator,StartGame,gameEngine,EngineStartGame,12077b51-d2ce-4920-8acc-c4a2dd959d6e,116756937
initiator,StartGame,worldGen,GenerateWorld,4e655110-64b5-4b25-999c-d032a7aaaa70,172815834
initiator,StartGame,gameEngine,EngineStartGame,4e655110-64b5-4b25-999c-d032a7aaaa70,117590823
initiator,StartGame,worldGen,GenerateWorld,19aa7db3-8028-4b7d-8d63-99a3ab1b4fcb,692498695
initiator,StartGame,gameEngine,EngineStartGame,19aa7db3-8028-4b7d-8d63-99a3ab1b4fcb,116867551
initiator,StartGame,worldGen,GenerateWorld,58ce3020-3cab-42cc-8ea6-3562f180f589,173777970
initiator,StartGame,gameEngine,EngineStartGame,58ce3020-3cab-42cc-8ea6-3562f180f589,116810174
initiator,StartGame,worldGen,GenerateWorld,5613d541-2c24-4fbd-8539-310313064541,173293909
initiator,StartGame,gameEngine,EngineStartGame,5613d541-2c24-4fbd-8539-310313064541,116896949
initiator,StartGame,worldGen,GenerateWorld,c8832f7b-222c-43b3-9b55-84c70a0278a8,173092014
initiator,StartGame,gameEngine,EngineStartGame,c8832f7b-222c-43b3-9b55-84c70a0278a8,116828220
initiator,StartGame,worldGen,GenerateWorld,36475d01-284b-4a81-9be9-fdeb6eb488f0,172776290
initiator,StartGame,gameEngine,EngineStartGame,36475d01-284b-4a81-9be9-fdeb6eb488f0,116663548
initiator,StartGame,worldGen,GenerateWorld,0518b2c4-69c5-4b61-a039-1391221527c5,172537889
initiator,StartGame,gameEngine,EngineStartGame,0518b2c4-69c5-4b61-a039-1391221527c5,116121910
initiator,StartGame,worldGen,GenerateWorld,36aedd9c-d2de-4f59-bb57-59fdf83f8084,172689180
initiator,StartGame,gameEngine,EngineStartGame,36aedd9c-d2de-4f59-bb57-59fdf83f8084,116569213
initiator,StartGame,worldGen,GenerateWorld,5fea6e32-f2ff-475d-bf03-2165287ca800,172809365
initiator,StartGame,gameEngine,EngineStartGame,5fea6e32-f2ff-475d-bf03-2165287ca800,116777175
initiator,StartGame,worldGen,GenerateWorld,a02492b7-9e97-4df2-a478-224d4d1cd2fe,173079436
initiator,StartGame,gameEngine,EngineStartGame,a02492b7-9e97-4df2-a478-224d4d1cd2fe,117118403
initiator,StartGame,worldGen,GenerateWorld,3df04b68-82b3-4b32-ab25-cf7e32b21671,173491364
initiator,StartGame,gameEngine,EngineStartGame,3df04b68-82b3-4b32-ab25-cf7e32b21671,116896999
initiator,StartGame,worldGen,GenerateWorld,aa79799a-f45e-418c-bd6d-2987fe929b82,173186745
initiator,StartGame,gameEngine,EngineStartGame,aa79799a-f45e-418c-bd6d-2987fe929b82,116254667
initiator,StartGame,worldGen,GenerateWorld,426ea146-0f81-4c66-b1d5-77a03317fe1d,172597932
initiator,StartGame,gameEngine,EngineStartGame,426ea146-0f81-4c66-b1d5-77a03317fe1d,116970801
initiator,StartGame,worldGen,GenerateWorld,e6ae1435-8319-451e-942e-a2cc4d2dc7aa,173204308
initiator,StartGame,gameEngine,EngineStartGame,e6ae1435-8319-451e-942e-a2cc4d2dc7aa,116676215
initiator,StartGame,worldGen,GenerateWorld,a60ea618-77b3-48e3-a498-1752a65908a4,172639874
initiator,StartGame,gameEngine,EngineStartGame,a60ea618-77b3-48e3-a498-1752a65908a4,116943794
initiator,StartGame,worldGen,GenerateWorld,ad34a85a-d158-4601-a13a-7df4f2bab969,172817445
initiator,StartGame,gameEngine,EngineStartGame,ad34a85a-d158-4601-a13a-7df4f2bab969,116561393
initiator,StartGame,worldGen,GenerateWorld,6ef6b722-59ef-4280-81d8-d2d2ff35083a,185120165
initiator,StartGame,gameEngine,EngineStartGame,6ef6b722-59ef-4280-81d8-d2d2ff35083a,116712994
initiator,StartGame,worldGen,GenerateWorld,68b2f16f-330c-4a3f-b6e1-ece33ab1a0df,172365055
initiator,StartGame,gameEngine,EngineStartGame,68b2f16f-330c-4a3f-b6e1-ece33ab1a0df,116817377
initiator,StartGame,worldGen,GenerateWorld,60a1dc75-b577-40c3-8a3f-8e5d493e28e1,172695286
initiator,StartGame,gameEngine,EngineStartGame,60a1dc75-b577-40c3-8a3f-8e5d493e28e1,116621960
initiator,StartGame,worldGen,GenerateWorld,1c4041c0-6c62-49f5-b9e1-de37cb6acabb,172910563
initiator,StartGame,gameEngine,EngineStartGame,1c4041c0-6c62-49f5-b9e1-de37cb6acabb,117198632
initiator,StartGame,worldGen,GenerateWorld,465ed158-717b-49af-92d3-7c899a1e9678,173070850
initiator,StartGame,gameEngine,EngineStartGame,465ed158-717b-49af-92d3-7c899a1e9678,116667903
initiator,StartGame,worldGen,GenerateWorld,dbcef577-ef98-4ebe-a487-90b4b4777998,172882385
initiator,StartGame,gameEngine,EngineStartGame,dbcef577-ef98-4ebe-a487-90b4b4777998,116402415
initiator,StartGame,worldGen,GenerateWorld,9355a674-6f5c-45bc-9f5d-d04abfa45a0d,172734220
initiator,StartGame,gameEngine,EngineStartGame,9355a674-6f5c-45bc-9f5d-d04abfa45a0d,115979058
initiator,StartGame,worldGen,GenerateWorld,566ac44f-b46b-4d8d-aa4d-494c9489625b,172874243
initiator,StartGame,gameEngine,EngineStartGame,566ac44f-b46b-4d8d-aa4d-494c9489625b,116658033
initiator,StartGame,worldGen,GenerateWorld,d6c94281-d881-4aa3-a4dc-be9f0bf9af25,172789357
initiator,StartGame,gameEngine,EngineStartGame,d6c94281-d881-4aa3-a4dc-be9f0bf9af25,117051140
initiator,StartGame,worldGen,GenerateWorld,1b909b6d-8ebc-4c36-943f-c1aa0221374f,172138933
initiator,StartGame,gameEngine,EngineStartGame,1b909b6d-8ebc-4c36-943f-c1aa0221374f,116351615
initiator,StartGame,worldGen,GenerateWorld,eca3f984-37cb-4333-8f66-8024c4fe851b,172488398
initiator,StartGame,gameEngine,EngineStartGame,eca3f984-37cb-4333-8f66-8024c4fe851b,116561869
initiator,StartGame,worldGen,GenerateWorld,2a244a4f-59b7-4cb9-9904-dacbc6b1453f,172709567
initiator,StartGame,gameEngine,EngineStartGame,2a244a4f-59b7-4cb9-9904-dacbc6b1453f,116830609
initiator,StartGame,worldGen,GenerateWorld,5b9aed71-ef46-4e02-ad1c-1be5e0bc36de,172523082
initiator,StartGame,gameEngine,EngineStartGame,5b9aed71-ef46-4e02-ad1c-1be5e0bc36de,116654164
initiator,StartGame,worldGen,GenerateWorld,2f3c2420-2d1c-4183-a476-e9864287376a,173082267
initiator,StartGame,gameEngine,EngineStartGame,2f3c2420-2d1c-4183-a476-e9864287376a,116909651
